30000007 1
30000007 2
30000008 3
30000012 1
30000019 1
30000019 1
30000029 2
30000029 1
30000039 2
30000039 1
30000041 2
30000041 1
30000062 2
30000062 1
30000082 2
30000082 1
30000085 2
30000089 1
30000089 1
30000094 2
30000095 1
30000107 1
30000107 1
30000128 2
30000137 1
30000137 1
30000137 2
30000144 3
30000144 1
30000144 2
30000145 3
30000145 1
30000161 2
30000161 1
30000161 2
30000167 3
30000194 1
30000194 1
30000194 2
30000194 3
30000194 4
30000227 6
30000227 1
30000242 2
30000262 1
30000262 1
30000265 2
30000266 1
30000271 1
30000288 1
30000289 1
30000289 1
30000289 2
30000301 3
30000301 1
30000302 2
30000302 2
30000308 3
30000309 1
30000309 1
30000312 2
30000312 1
30000312 2
30000328 3
30000341 1
30000341 1
30000341 2
30000380 3
30000380 1
30000380 2
30000400 3
30000400 1
30000401 2
30000401 1
30000402 2
30000428 2
30000434 1
30000434 1
30000436 2
30000439 1
30000439 1
30000439 2
30000447 4
30000447 1
30000449 2
30000450 1
30000451 1
30000451 1
30000456 2
30000463 1
30000463 1
30000465 2
30000465 1
30000465 2
30000465 3
30000473 4
30000478 1
30000482 1
30000492 1
30000492 1
30000496 2
30000503 2
30000503 1
30000526 2
30000539 1
30000540 1
30000540 1
30000540 2
30000545 3
30000545 1
30000564 2
30000580 1
30000582 1
30000582 1
30000586 2
30000611 1
30000622 1
30000709 1
30000710 1
30000722 1
30000763 1
30000770 1
30000771 1
30000771 1
30000775 2
30000775 1
30000784 2
30000814 1
30000814 1
30000814 2
30000817 3
30000828 1
30000835 1
30000835 1
30000840 2
30000840 1
30000840 2
30000843 3
30000843 1
30000847 2
30000847 1
30000847 2
30000854 3
30000854 1
30000855 2
30000855 1
30000855 2
30000885 3
30000885 1
30000898 2
30000898 1
30000900 1
30000922 2
30000931 1
30000934 2
30000934 1
30000934 2
30000946 3
30000946 1
30000960 2
30000960 1
30000983 2
30000983 1
30000990 2
30000990 1
30000991 3
30000991 1
30000993 2
30000993 1
30001002 2
30001011 1
30001011 1
30001013 2
30001015 1
30001015 1
30001031 2
30001031 1
30001039 2
30001053 1
30001053 1
30001054 2
30001054 1
30001057 2
30001057 1
30001057 2
30001057 3
30001064 4
30001064 1
30001066 2
30001066 1
30001066 2
30001066 3
30001067 4
30001073 1
30001088 1
30001090 2
30001090 1
30001099 2
30001099 1
30001099 2
30001109 3
30001117 1
30001121 2
30001121 1
30001124 2
30001124 1
30001124 2
30001152 3
30001152 1
30001152 2
30001177 3
30001177 1
30001184 2
30001215 1
30001215 1
30001219 2
30001225 1
30001225 1
30001250 2
30001262 1
30001262 1
30001270 2
30001272 1
30001272 1
30001280 2
30001280 1
30001286 2
30001286 1
30001286 2
30001295 3
30001301 1
30001301 1
30001303 2
30001303 1
30001318 2
30001318 1
30001344 2
30001349 1
30001349 1
30001349 2
30001360 3
30001360 1
30001361 2
30001381 1
30001381 1
30001394 2
30001396 2
30001396 1
30001400 2
30001409 2
30001409 1
30001418 2
30001418 1
30001424 2
30001424 1
30001426 2
30001426 1
30001430 2
30001430 1
30001438 2
30001438 1
30001442 2
30001442 1
30001443 2
30001447 1
30001447 1
30001447 2
30001447 3
30001453 5
30001453 1
30001456 2
30001460 1
30001460 1
30001460 2
30001460 3
30001473 4
30001475 1
30001482 1
30001482 1
30001485 2
30001487 1
30001496 1
30001506 1
30001506 1
30001511 2
30001519 1
30001519 1
30001519 2
30001526 3
30001535 1
30001535 1
30001535 2
30001535 3
30001545 4
30001545 1
30001556 2
30001556 1
30001563 2
30001572 1
30001572 1
30001575 2
30001583 1
30001593 1
30001601 1
30001601 1
30001606 2
30001606 1
30001608 2
30001608 1
30001611 2
30001611 1
30001616 2
30001625 1
30001627 1
30001627 1
30001629 2
30001629 1
30001645 2
30001645 1
30001646 2
30001654 1
30001654 1
30001655 2
30001655 1
30001655 2
30001655 3
30001659 4
30001685 1
30001707 1
30001713 1
30001713 1
30001748 2
30001755 1
30001755 1
30001757 2
30001765 1
30001765 1
30001765 2
30001768 3
30001768 1
30001770 2
30001774 1
30001785 1
30001785 1
30001794 2
30001794 1
30001811 2
30001832 1
30001852 1
30001860 2
30001860 1
30001865 2
30001865 1
30001865 2
30001886 4
30001888 1
30001892 2
30001906 1
30001906 1
30001917 2
30001917 1
30001938 2
30001940 1
30001947 1
30001947 1
30001949 2
30001949 1
30001954 2
30001954 1
30001956 2
30001956 1
30001977 2
30001977 1
30001977 2
30001989 3
30001989 1
30001995 2
30001998 1
30001998 1
30001998 2
30002001 3
30002001 1
30002001 2
30002001 3
30002032 4
30002049 1
30002051 1
30002051 1
30002066 2
30002066 1
30002070 2
30002093 1
30002095 1
30002097 1
30002097 1
30002098 2
30002106 1
30002106 1
30002106 2
30002106 3
30002106 4
30002153 5
30002153 1
30002153 2
30002153 3
30002153 5
30002157 6
30002163 4
30002163 1
30002163 3
30002164 4
30002164 1
30002164 2
30002202 3
30002202 1
30002202 2
30002204 3
30002206 1
30002206 1
30002235 2
30002235 1
30002236 2
30002236 1
30002236 2
30002236 3
30002242 4
30002242 1
30002242 2
30002253 3
30002254 1
30002254 1
30002268 2
30002274 1
30002286 1
30002312 1
30002312 1
30002315 2
30002315 1
30002316 2
30002316 1
30002324 2
30002335 1
30002335 1
30002342 2
30002345 1
30002345 1
30002347 2
30002347 1
30002362 2
30002362 1
30002371 2
30002377 1
30002377 1
30002377 2
30002387 3
30002391 1
30002395 1
30002395 1
30002398 2
30002398 1
30002403 2
30002406 1
30002406 1
30002408 2
30002408 1
30002414 2
30002436 1
30002448 1
30002454 1
30002462 2
30002462 1
30002464 2
30002464 1
30002480 2
30002484 2
30002497 1
30002497 1
30002503 2
30002507 1
30002507 1
30002529 2
30002529 1
30002533 2
30002533 1
30002567 2
30002586 1
30002586 1
30002586 2
30002590 3
30002590 1
30002609 2
30002609 1
30002616 2
30002616 1
30002618 2
30002639 1
30002639 1
30002639 2
30002642 3
30002645 1
30002661 1
30002661 1
30002700 2
30002700 1
30002700 2
30002700 3
30002708 4
30002708 1
30002708 2
30002721 3
30002738 1
30002756 1
30002762 1
30002826 3
30002826 1
30002828 2
30002828 1
30002828 2
30002834 3
30002835 1
30002835 1
30002837 2
30002845 1
30002845 1
30002860 2
30002863 1
30002863 2
30002869 3
30002869 1
30002883 2
30002883 1
30002883 2
30002892 3
30002892 1
30002899 2
30002899 1
30002928 2
30002929 1
30002933 1
30002934 1
30002945 1
30002945 1
30002949 2
30002949 1
30002975 2
30002989 1
30002991 2
30003003 1
30003033 1
30003033 1
30003034 2
30003034 1
30003034 2
30003039 3
30003039 1
30003043 2
30003043 1
30003043 3
30003044 4
30003044 1
30003057 2
30003057 1
30003059 2
30003059 1
30003069 2
30003073 1
30003105 1
30003105 1
30003120 2
30003125 1
30003127 1
30003131 1
30003133 1
30003145 1
30003145 1
30003153 1
30003153 1
30003153 2
30003171 3
30003171 1
30003209 2
30003209 1
30003215 2
30003232 1
30003232 3
30003232 4
30003232 5
30003232 6
30003247 7
30003247 1
30003254 2
30003254 1
30003261 2
30003261 1
30003267 2
30003267 1
30003274 2
30003284 1
30003284 1
30003284 2
30003297 3
30003306 1
30003306 1
30003312 2
30003312 1
30003312 2
30003314 3
30003314 1
30003314 2
30003314 3
30003329 4
30003329 1
30003329 2
30003329 3
30003349 4
30003349 1
30003350 2
30003350 1
30003365 2
30003365 1
30003365 2
30003365 3
30003385 4
30003385 1
30003385 2
30003393 3
30003393 1
30003402 2
30003412 1
30003412 1
30003412 2
30003425 4
30003425 1
30003444 2
30003444 1
30003445 2
30003457 1
30003462 1
30003462 1
30003463 2
30003463 1
30003489 2
30003499 1
30003499 1
30003515 2
30003523 1
30003527 1
30003527 1
30003531 2
30003562 2
30003562 1
30003573 2
30003573 1
30003573 2
30003573 4
30003574 6
30003574 1
30003594 2
30003594 1
30003607 2
30003624 1
30003624 1
30003650 2
30003653 1
30003653 1
30003660 2
30003660 1
30003660 2
30003660 3
30003663 4
30003663 1
30003671 2
30003671 1
30003672 2
30003672 1
30003675 2
30003680 2
30003680 1
30003680 2
30003703 3
30003703 1
30003718 2
30003718 1
30003725 2
30003725 1
30003731 2
30003731 1
30003731 2
30003731 3
30003745 4
30003754 1
30003754 1
30003761 2
30003761 1
30003761 2
30003761 3
30003763 4
30003770 1
30003770 1
30003770 2
30003770 3
30003770 4
30003770 5
30003770 6
30003777 7
30003777 1
30003786 2
30003792 1
30003792 1
30003798 2
30003798 1
30003798 2
30003810 3
30003815 1
30003823 1
30003823 1
30003837 2
30003854 1
30003864 1
30003864 1
30003877 2
30003879 1
30003901 1
30003901 1
30003904 2
30003907 1
30003907 1
30003926 2
30003930 1
30003940 1
30003958 1
30003958 1
30003967 2
30003980 1
30003985 1
30003985 1
30003993 2
30003993 1
30004003 2
30004003 1
30004024 1
30004031 2
30004031 1
30004034 2
30004034 1
30004045 2
30004056 1
30004062 1
30004064 1
30004064 1
30004064 2
30004079 3
30004085 1
30004086 1
30004086 1
30004086 2
30004090 4
30004090 1
30004102 2
30004103 1
30004103 1
30004103 2
30004110 4
30004110 1
30004116 2
30004116 1
30004117 2
30004117 1
30004121 2
30004121 1
30004131 2
30004133 1
30004134 1
30004134 1
30004142 2
30004143 1
30004143 1
30004143 2
30004153 3
30004153 1
30004154 2
30004154 1
30004156 2
30004156 1
30004156 2
30004156 4
30004156 5
30004158 6
30004158 1
30004159 2
30004159 1
30004159 2
30004165 3
30004165 1
30004172 2
30004193 1
30004196 2
30004199 1
30004201 1
30004211 1
30004211 1
30004215 2
30004215 1
30004218 2
30004218 1
30004220 2
30004220 1
30004220 3
30004225 4
30004230 1
30004239 1
30004239 1
30004250 2
30004250 1
30004251 2
30004251 1
30004263 2
30004277 2
30004277 1
30004279 2
30004279 1
30004285 2
30004303 1
30004303 1
30004311 2
30004311 1
30004315 2
30004319 1
30004325 1
30004345 1
30004351 1
30004351 1
30004354 2
30004354 1
30004354 2
30004354 3
30004354 4
30004374 5
30004374 1
30004374 2
30004374 3
30004379 4
30004379 1
30004379 2
30004384 3
30004404 1
30004404 1
30004404 2
30004413 3
30004413 1
30004413 2
30004426 4
30004426 1
30004426 2
30004426 3
30004430 4
30004430 1
30004435 2
30004446 1
30004446 1
30004453 2
30004471 1
30004471 1
30004478 1
30004479 2
30004479 1
30004481 2
30004481 1
30004482 2
30004482 1
30004485 2
30004490 1
30004490 1
30004490 2
30004492 3
30004493 1
30004493 2
30004493 3
30004496 4
30004496 1
30004497 2
30004504 1
30004504 1
30004504 2
30004504 3
30004527 4
30004527 1
30004530 2
30004535 1
30004535 1
30004554 2
30004555 1
30004555 1
30004578 2
30004578 1
30004578 2
30004585 3
30004593 1
30004593 1
30004597 2
30004597 1
30004610 2
30004624 1
30004624 2
30004634 3
30004637 1
30004637 1
30004637 2
30004637 3
30004638 4
30004638 1
30004638 2
30004643 3
30004643 1
30004647 2
30004647 1
30004647 2
30004649 3
30004649 1
30004649 2
30004660 3
30004662 1
30004662 1
30004662 2
30004674 3
30004685 1
30004688 1
30004688 1
30004704 2
30004704 1
30004714 2
30004718 1
30004718 1
30004718 2
30004718 3
30004719 4
30004719 1
30004730 2
30004735 1
30004743 1
30004743 1
30004743 2
30004744 3
30004749 1
30004757 1
30004759 1
30004759 1
30004759 2
30004764 3
30004764 1
30004764 2
30004769 3
30004769 1
30004769 2
30004784 3
30004793 1
30004800 1
30004800 1
30004801 2
30004810 1
30004820 1
30004824 1
30004826 1
30004830 1
30004831 1
30004831 1
30004831 2
30004831 3
30004859 1
30004864 2
30004864 1
30004864 2
30004875 3
30004875 1
30004898 3
30004898 1
30004926 2
30004926 1
30004932 2
30004932 1
30004953 2
30004953 1
30004953 2
30005002 3
30005011 1
30005011 1
30005025 2
30005025 1
30005044 2
30005048 1
30005067 2
30005074 1
30005082 1
30005093 1
30005093 1
30005098 2
30005102 1
30005102 1
30005102 2
30005102 3
30005102 4
30005115 5
30005115 1
30005115 2
30005115 4
30005120 1
30005134 2
30005134 1
30005134 2
30005150 4
30005153 1
30005155 1
30005155 1
30005155 3
30005155 4
30005158 5
30005162 1
30005164 1
30005164 2
30005182 3
30005196 1
30005196 1
30005196 2
30005196 3
30005196 4
30005199 5
30005199 1
30005199 2
30005202 3
30005204 1
30005213 1
30005213 1
30005225 2
30005225 1
30005232 2
30005232 1
30005238 2
30005238 1
30005268 2
30005274 1
30005274 1
30005281 2
30005283 2
30005287 1
30005287 1
30005287 2
30005291 3
30005291 1
30005307 2
30005307 1
30005309 2
30005315 1
30005355 1
30005358 1
30005358 1
30005360 2
30005361 1
30005361 1
30005361 2
30005365 3
30005365 1
30005372 2
30005372 1
30005383 2
30005395 1
30005418 1
30005418 1
30005445 2
30005460 1
30005467 2
30005470 1
30005470 1
30005475 2
30005475 1
30005484 2
30005490 1
30005490 1
30005504 2
30005504 1
30005526 2
30005526 1
30005526 2
30005526 3
30005535 4
30005537 1
30005537 1
30005550 2
30005550 1
30005563 2
30005590 1
30005590 1
30005593 2
30005596 1
30005596 1
30005609 2
30005609 1
30005609 2
30005609 3
30005619 4
30005619 1
30005626 2
30005637 1
30005637 1
30005638 2
30005649 1
30005654 1
30005679 1
30005689 1
30005689 1
30005693 2
30005703 1
30005712 1
30005713 1
30005716 1
30005716 1
30005728 4
30005756 1
30005756 1
30005759 2
30005759 1
30005789 2
30005792 1
30005792 1
30005796 2
30005796 1
30005802 2
30005802 1
30005802 2
30005808 3
30005811 1
30005811 1
30005812 2
30005812 1
30005820 2
30005839 1
30005839 1
30005849 2
30005852 1
30005852 1
30005852 2
30005855 3
30005855 1
30005868 3
30005873 1
30005874 1
30005883 1
30005883 1
30005883 2
30005883 3
30005888 4
30005899 1
30005903 1
30005921 2
30005921 1
30005921 2
30005927 3
30005927 1
30005927 2
30005936 3
30005942 1
30005942 1
30005945 3
30005957 1
30005964 1
30005995 1
30005995 1
30006010 2
30006010 1
30006010 2
30006017 3
30006017 1
30006017 2
30006022 3
30006022 1
30006029 2
30006031 1
30006037 2
30006037 1
30006042 2
30006042 1
30006078 2
30006078 1
30006087 2
30006097 1
30006097 1
30006109 2
30006109 1
30006110 1
30006120 2
30006120 1
30006123 2
30006123 1
30006123 2
30006138 3
30006144 1
30006144 1
30006156 2
30006156 1
30006156 2
30006170 3
30006170 2
30006176 3
30006187 1
30006187 2
30006187 3
30006198 4
30006198 1
30006202 2
30006202 1
30006210 2
30006210 1
30006216 2
30006219 1
30006219 1
30006221 2
30006229 2
30006238 1
30006238 1
30006238 2
30006238 3
30006271 4
30006271 1
30006272 2
30006272 1
30006272 2
30006273 3
30006273 1
30006274 2
30006301 1
30006301 1
30006302 2
30006302 1
30006309 2
30006309 1
30006315 2
30006319 1
30006319 1
30006319 3
30006319 5
30006321 6
30006321 1
30006329 2
30006331 1
30006332 1
30006334 1
30006334 1
30006334 2
30006334 3
30006355 4
30006355 1
30006371 2
30006371 1
30006388 2
30006388 1
30006388 2
30006390 3
30006390 1
30006390 2
30006390 3
30006391 4
30006392 1
30006392 1
30006395 2
30006395 1
30006397 2
30006397 1
30006399 2
30006404 1
30006418 1
30006418 1
30006460 2
30006460 1
30006480 2
30006510 1
30006510 1
30006517 2
30006526 1
30006537 1
30006538 1
30006538 1
30006540 2
30006541 1
30006567 1
30006567 1
30006579 2
30006583 1
30006585 1
30006585 1
30006586 2
30006587 1
30006587 1
30006587 2
30006587 3
30006596 4
30006596 1
30006596 2
30006599 3
30006599 1
30006599 2
30006599 3
30006599 4
30006606 5
30006611 1
30006611 1
30006611 2
30006614 3
30006614 1
30006619 2
30006638 1
30006638 1
30006650 2
30006650 1
30006659 2
30006664 1
30006664 1
30006673 2
30006673 1
30006678 2
30006683 1
30006685 1
30006686 1
30006694 1
30006697 1
30006697 1
30006725 2
30006725 1
30006754 2
30006754 1
30006755 2
30006762 1
30006763 1
30006763 1
30006764 2
30006764 1
30006777 3
30006800 1
30006807 1
30006833 2
30006833 1
30006843 2
30006848 1
30006848 1
30006850 2
30006851 1
30006851 1
30006878 2
30006890 1
30006898 1
30006898 1
30006910 2
30006910 2
30006910 3
30006917 4
30006917 1
30006925 3
30006925 1
30006925 2
30006952 3
30006961 1
30006961 1
30006972 2
30006972 1
30006972 2
30006972 3
30006972 4
30006983 5
30006983 1
30006987 2
30006987 1
30006997 2
30007005 1
30007005 1
30007019 2
30007019 1
30007028 2
30007034 1
30007034 1
30007049 2
30007049 1
30007049 2
30007052 3
30007052 1
30007052 2
30007067 3
30007067 1
30007076 2
30007091 2
30007093 1
30007093 1
30007129 3
30007129 1
30007134 2
30007134 1
30007141 2
30007141 1
30007153 2
30007154 3
30007154 1
30007159 2
30007162 1
30007162 1
30007162 2
30007163 3
30007163 1
30007165 2
30007174 2
30007174 1
30007182 2
30007182 1
30007182 2
30007193 3
30007193 1
30007201 2
30007204 1
30007204 1
30007209 2
30007209 1
30007212 2
30007212 1
30007219 2
30007219 1
30007219 2
30007219 3
30007225 4
30007230 1
30007230 1
30007230 2
30007243 3
30007243 1
30007244 3
30007260 1
30007260 1
30007263 2
30007263 1
30007263 2
30007263 3
30007268 4
30007279 1
30007306 1
30007306 1
30007306 2
30007306 3
30007345 5
30007347 1
30007386 1
30007389 1
30007389 1
30007393 2
30007398 1
30007403 1
30007403 1
30007407 2
30007416 1
30007428 1
30007433 2
30007433 1
30007445 2
30007445 1
30007447 2
30007447 1
30007452 2
30007452 1
30007452 2
30007452 3
30007456 4
30007456 1
30007460 2
30007460 1
30007462 1
30007463 2
30007465 1
30007479 1
30007479 1
30007481 2
30007481 1
30007481 2
30007484 3
30007484 1
30007500 2
30007520 1
30007524 1
30007528 1
30007531 1
30007531 1
30007543 2
30007543 1
30007543 2
30007543 3
30007544 4
30007544 1
30007547 2
30007547 1
30007547 2
30007554 3
30007556 1
30007556 1
30007560 2
30007565 1
30007565 1
30007575 2
30007575 1
30007576 2
30007583 1
30007585 1
30007592 1
30007592 1
30007603 2
30007605 1
30007605 1
30007611 2
30007611 1
30007611 2
30007614 4
30007614 1
30007620 2
30007620 1
30007623 2
30007623 1
30007624 2
30007624 1
30007630 2
30007630 1
30007646 2
30007648 1
30007648 1
30007648 2
30007674 3
30007685 1
30007689 1
30007693 1
30007713 2
30007713 1
30007717 2
30007717 1
30007723 2
30007723 1
30007726 2
30007729 1
30007729 1
30007730 2
30007731 1
30007731 1
30007731 2
30007736 3
30007736 1
30007741 2
30007741 1
30007748 2
30007748 1
30007754 2
30007754 1
30007757 2
30007757 1
30007768 2
30007777 1
30007777 1
30007777 2
30007778 4
30007779 1
30007789 1
30007789 2
30007789 3
30007789 4
30007800 5
30007800 1
30007800 2
30007847 3
30007847 1
30007861 2
30007861 1
30007864 2
30007874 1
30007878 1
30007878 1
30007884 2
30007884 1
30007887 2
30007891 1
30007895 1
30007895 1
30007895 2
30007913 1
30007913 1
30007915 2
30007915 1
30007923 2
30007923 1
30007925 2
30007927 1
30007929 1
30007929 1
30007938 2
30007948 2
30007952 1
30007952 1
30007974 2
30007976 1
30007978 1
30007978 1
30007984 2
30007986 1
30007993 1
30008000 1
30008000 1
30008007 3
30008008 2
30008013 1
30008031 2
30008031 1
30008031 2
30008031 3
30008031 5
30008031 6
30008031 7
30008031 8
30008033 9
30008035 1
30008035 1
30008038 2
30008044 1
30008046 1
30008052 1
30008052 1
30008054 2
30008057 1
30008069 1
30008069 1
30008076 2
30008080 1
30008080 1
30008080 2
30008086 3
30008086 1
30008101 2
30008101 1
30008112 2
30008112 1
30008112 2
30008132 3
30008133 1
30008133 1
30008133 2
30008133 3
30008157 4
30008157 1
30008160 2
30008169 1
30008176 1
30008182 1
30008187 1
30008187 1
30008188 2
30008188 1
30008188 2
30008191 3
30008194 1
30008194 1
30008194 2
30008194 3
30008204 4
30008220 1
30008220 1
30008251 2
30008259 1
30008260 2
30008260 1
30008270 2
30008279 1
30008279 1
30008279 2
30008294 3
30008307 1
30008308 1
30008312 1
30008312 1
30008324 2
30008324 1
30008340 3
30008349 1
30008349 1
30008350 2
30008365 1
30008374 1
30008376 1
30008376 1
30008414 2
30008414 1
30008414 2
30008426 3
30008426 1
30008426 2
30008433 3
30008433 1
30008458 2
30008458 1
30008458 2
30008472 3
30008472 1
30008482 2
30008482 1
30008483 2
30008483 1
30008484 2
30008484 1
30008484 2
30008484 3
30008484 4
30008488 5
30008502 2
30008502 1
30008506 2
30008506 1
30008508 2
30008508 1
30008524 2
30008527 1
30008527 1
30008530 2
30008530 1
30008540 2
30008540 1
30008540 2
30008540 3
30008540 4
30008546 5
30008546 1
30008546 2
30008560 3
30008560 1
30008560 2
30008560 3
30008574 4
30008583 1
30008583 1
30008583 2
30008593 3
30008596 1
30008613 1
30008613 1
30008623 2
30008623 1
30008639 2
30008639 1
30008674 2
30008674 1
30008677 2
30008684 1
30008694 1
30008694 1
30008714 2
30008714 1
30008714 2
30008722 3
30008745 1
30008760 1
30008779 1
30008779 2
30008783 3
30008783 1
30008784 2
30008793 1
30008793 1
30008794 2
30008807 1
30008808 1
30008808 1
30008809 2
30008810 1
30008812 1
30008812 1
30008824 2
30008824 1
30008825 2
30008831 1
30008842 1
30008870 1
30008870 1
30008874 3
30008874 1
30008875 2
30008876 1
30008878 1
30008878 1
30008878 2
30008878 3
30008890 4
30008890 1
30008890 2
30008905 3
30008905 1
30008914 2
30008914 1
30008914 2
30008914 3
30008917 4
30008917 1
30008917 2
30008921 3
30008921 1
30008921 2
30008921 3
30008947 4
30008950 1
30008969 1
30008971 1
30008977 1
30008977 1
30008988 2
30008988 1
30008988 2
30008996 4
30008996 1
30009003 2
30009003 1
30009004 2
30009004 1
30009005 2
30009047 1
30009047 1
30009049 2
30009049 1
30009050 2
30009050 1
30009050 2
30009050 3
30009053 4
30009087 1
30009087 1
30009092 2
30009102 1
30009104 1
30009112 2
30009116 1
30009117 2
30009118 1
30009118 1
30009119 2
30009120 1
30009120 1
30009122 2
30009122 1
30009126 2
30009126 1
30009126 2
30009127 3
30009158 1
30009158 1
30009158 2
30009158 3
30009166 4
30009166 1
30009171 2
30009171 1
30009172 2
30009172 1
30009173 2
30009173 1
30009185 2
30009185 1
30009189 2
30009189 1
30009193 2
30009193 1
30009210 2
30009210 1
30009211 2
30009211 1
30009214 2
30009214 1
30009214 2
30009226 4
30009226 1
30009246 2
30009246 1
30009246 2
30009251 3
30009251 1
30009261 2
30009261 1
30009266 2
30009266 1
30009291 2
30009299 1
30009299 1
30009302 2
30009323 1
30009323 1
30009323 2
30009326 3
30009326 1
30009337 2
30009343 1
30009343 1
30009362 2
30009362 1
30009362 2
30009362 3
30009367 4
30009367 1
30009386 2
30009389 1
30009389 1
30009395 2
30009396 1
30009396 1
30009407 2
30009417 1
30009429 1
30009429 1
30009434 2
30009434 1
30009438 2
30009438 1
30009440 2
30009444 1
30009452 1
30009490 2
30009490 1
30009500 2
30009516 1
30009516 1
30009516 2
30009516 3
30009518 4
30009518 1
30009524 2
30009524 1
30009524 2
30009540 6
30009540 1
30009540 2
30009540 3
30009543 4
30009543 1
30009549 2
30009549 1
30009551 2
30009551 1
30009572 2
30009572 1
30009572 2
30009572 3
30009572 4
30009588 5
30009591 1
30009591 1
30009592 1
30009600 2
30009600 1
30009616 2
30009617 1
30009617 1
30009619 2
30009626 1
30009632 1
30009634 1
30009634 1
30009643 2
30009643 1
30009656 2
30009656 1
30009665 2
30009665 2
30009669 3
30009669 1
30009672 2
30009673 2
30009673 1
30009678 2
30009678 1
30009694 2
30009702 1
30009702 1
30009704 2
30009704 1
30009706 1
30009707 2
30009707 1
30009711 2
30009715 1
30009715 1
30009720 2
30009724 1
30009738 1
30009743 1
30009745 1
30009745 1
30009745 2
30009745 3
30009755 4
30009755 1
30009755 2
30009756 3
30009770 1
30009770 2
30009770 3
30009776 4
30009786 2
30009786 1
30009795 2
30009807 1
30009807 1
30009813 2
30009813 1
30009813 2
30009834 3
30009837 1
30009843 1
30009856 1
30009856 1
30009861 2
30009861 1
30009867 2
30009867 1
30009867 2
30009872 3
30009888 1
30009911 1
30009926 2
30009928 2
30009928 1
30009928 2
30009934 3
30009934 1
30009951 3
30009951 1
30009951 2
30009955 3
30009955 1
30009960 2
30009961 1
30009969 1
30009969 1
30009971 2
30009974 1
30009977 1
30010005 1
30010041 1
30010044 1
30010044 1
30010044 2
30010044 3
30010058 4
30010058 1
30010058 3
30010059 4
30010082 2
30010082 1
30010090 2
30010091 1
30010091 1
30010097 2
30010097 1
30010097 2
30010097 3
30010117 4
30010117 2
30010117 3
