iteration1
weights0[11.666667 11.666667 11.666667  1.        1.        1.        1.
  1.      ]
weights1[11.666667 11.666667 11.666667 13.       13.       13.       13.
 13.      ]
weights2[ 9.5074625  9.5074625  9.5074625 10.594029  13.        10.594029
 10.594029  10.594029 ]
weights3[ 8.046993   9.5074625  8.046993  10.594029  11.003032   8.96665
  8.96665    8.96665  ]
weights4[12.365567 14.609825  8.046993 16.279518 16.90802   8.96665  13.778775
  8.96665 ]
iteration2
weights0[12.357663 14.600487  8.04185  16.279518 16.90802   8.96665  13.778775
  8.96665 ]
weights1[12.357663 14.600487  8.04185  16.304699 16.934174  8.980519 13.800088
  8.980519]
weights2[10.719391  12.664881   6.9757314 14.143163  16.934174   7.78996
 11.970592   7.78996  ]
weights3[ 8.807045  12.664881   5.731257  14.143163  13.913107   6.4002266
  9.835031   6.4002266]
weights4[10.990126  15.804237   5.731257  17.648954  17.361874   6.4002266
 12.272927   6.4002266]
iteration3
weights0[11.826198  17.006542   6.167261  17.648954  17.361874   6.4002266
 12.272927   6.4002266]
weights1[11.826198  17.006542   6.167261  19.092905  18.782335   6.9238615
 13.277038   6.9238615]
weights2[10.691069  15.374182   5.575301  17.260286  18.782335   6.2592797
 12.002651   6.2592797]
weights3[ 8.86917   15.374182   4.625197  17.260286  15.581579   5.1926165
  9.957242   5.1926165]
weights4[ 9.785633  16.962816   4.625197  19.043816  17.191645   5.1926165
 10.986137   5.1926165]
iteration4
weights0[10.916715  18.92348    5.159805  19.043816  17.191645   5.1926165
 10.986137   5.1926165]
weights1[10.916715 18.92348   5.159805 21.48787  19.397993  5.859029 12.396081
  5.859029]
weights2[10.120644  17.543537   4.7835402 19.920925  19.397993   5.4317756
 11.492131   5.4317756]
weights3[ 8.649457  17.543537   4.0881815 19.920925  16.578205   4.642186
  9.821579   4.642186 ]
weights4[ 8.796958  17.84271    4.0881815 20.26064   16.860916   4.642186
  9.989068   4.642186 ]
iteration5
weights0[10.020016 20.323416  4.656569 20.26064  16.860916  4.642186  9.989068
  4.642186]
weights1[10.020016 20.323416  4.656569 23.3521   19.433632  5.350512 11.513246
  5.350512]
weights2[ 9.425857  19.118294   4.3804474 21.967386  19.433632   5.0332417
 10.830543   5.0332417]
weights3[ 8.327793 19.118294  3.870148 21.967386 17.169714  4.446895  9.56884
  4.446895]
weights4[ 8.042572 18.463505  3.870148 21.215017 16.581663  4.446895  9.241114
  4.446895]
iteration6
weights0[ 9.266788 21.273962  4.45925  21.215017 16.581663  4.446895  9.241114
  4.446895]
weights1[ 9.266788 21.273962  4.45925  24.654694 19.270115  5.167888 10.739413
  5.167888]
weights2[ 8.790686 20.180964  4.230146 23.388002 19.270115  4.902376 10.187652
  4.902376]
weights3[ 7.985561  20.180964   3.8427138 23.388002  17.505196   4.4533753
  9.254581   4.4533753]
weights4[ 7.4848742 18.915636   3.8427138 21.921598  16.407637   4.4533753
  8.674328   4.4533753]
iteration7
weights0[ 8.662126  21.890764   4.447111  21.921598  16.407637   4.4533753
  8.674328   4.4533753]
weights1[ 8.662126 21.890764  4.447111 25.485529 19.075129  5.177388 10.084567
  5.177388]
weights2[ 8.257719 20.868757  4.23949  24.295694 19.075129  4.935673  9.613752
  4.935673]
weights3[ 7.653388  20.868757   3.9292283 24.295694  17.679138   4.574462
  8.910182   4.574462 ]
weights4[ 7.0680304 19.272642   3.9292283 22.437475  16.326977   4.574462
  8.228701   4.574462 ]
iteration8
weights0[ 8.17251  22.284264  4.543226 22.437475 16.326977  4.574462  8.228701
  4.574462]
weights1[ 8.17251   22.284264   4.543226  25.97759   18.902996   5.2962065
  9.526999   5.2962065]
weights2[ 7.8146486 21.30847    4.344285  24.84007   18.902996   5.064294
  9.109827   5.064294 ]
weights3[ 7.339995  21.30847    4.0804176 24.84007   17.754847   4.756694
  8.556505   4.756694 ]
weights4[ 6.743669  19.577297   4.0804176 22.82198   16.312384   4.756694
  7.861346   4.756694 ]
iteration9
weights0[ 7.763739 22.538626  4.697635 22.82198  16.312384  4.756694  7.861346
  4.756694]
weights1[ 7.763739  22.538626   4.697635  26.251148  18.763437   5.4714217
  9.04257    5.4714217]
weights2[ 7.438664 21.594912  4.500941 25.151987 18.763437  5.242328  8.663949
  5.242328]
weights3[ 7.046747  21.594912   4.263802  25.151987  17.774858   4.9661283
  8.207477   4.9661283]
weights4[ 6.4777374 19.85117    4.263802  23.121017  16.339577   4.9661283
  7.5447407  4.9661283]
iteration10
weights0[ 7.4109426 22.710997   4.87806   23.121017  16.339577   4.9661283
  7.5447407  4.9661283]
weights1[ 7.4109426 22.710997   4.87806   26.394972  18.653275   5.6693363
  8.613082   5.6693363]
weights2[ 7.111039  21.791935   4.680656  25.326828  18.653275   5.4399114
  8.26453    5.4399114]
weights3[ 6.773153  21.791935   4.458251  25.326828  17.76695    5.18143
  7.8718348  5.18143  ]
weights4[ 6.248664  20.104445   4.458251  23.365608  16.39114    5.18143
  7.2622676  5.18143  ]
iteration11
weights0[ 7.0981364 22.837538   5.064327  23.365608  16.39114    5.18143
  7.2622676  5.18143  ]
weights1[ 7.0981364 22.837538   5.064327  26.46767   18.567259   5.869326
  8.226419   5.869326 ]
weights2[ 6.8191156 21.939816   4.865253  25.427252  18.567259   5.6386085
  7.9030466  5.6386085]
weights3[ 6.518354  21.939816   4.6506677 25.427252  17.748337   5.3899136
  7.554477   5.3899136]
weights4[ 6.043586  20.341816   4.6506677 23.575243  16.455626   5.3899136
  7.0042424  5.3899136]
iteration12
weights0[ 6.815473  22.939875   5.2446513 23.575243  16.455626   5.3899136
  7.0042424  5.3899136]
weights1[ 6.815473  22.939875   5.2446513 26.505102  18.500679   6.0597553
  7.874708   6.0597553]
weights2[ 6.5548162 22.062542   5.0440702 25.491417  18.500679   5.8280005
  7.573541   5.8280005]
weights3[ 6.2813563 22.062542   4.8336368 25.491417  17.72885    5.5848627
  7.257581   5.5848627]
weights4[ 5.855129  20.565466   4.8336368 23.761671  16.52584    5.5848627
  6.765111   5.5848627]
iteration13
weights0[ 6.556856  23.030203   5.41294   23.761671  16.52584    5.5848627
  6.765111   5.5848627]
weights1[ 6.556856  23.030203   5.41294   26.527761  18.44961    6.2349954
  7.552636   6.2349954]
weights2[ 6.312943  22.173487   5.2115803 25.540937  18.44961    6.0030556
  7.2716804  6.0030556]
weights3[ 6.0610337 22.173487   5.0036197 25.540937  17.713404   5.763512
  6.981514   5.763512 ]
weights4[ 5.6791735 20.7765     5.0036197 23.931795  16.597414   5.763512
  6.5416613  5.763512 ]
iteration14
weights0[ 6.3183575 23.114872   5.566771  23.931795  16.597414   5.763512
  6.5416613  5.763512 ]
weights1[ 6.3183575 23.114872   5.566771  26.546461  18.410763   6.3932037
  7.2563696  6.3932037]
weights2[ 6.089991 22.279423  5.365569 25.586983 18.410763  6.162132  6.9941
  6.162132]
weights3[ 5.856155  22.279423   5.1595483 25.586983  17.703848   5.9255257
  6.7255487  5.9255257]
weights4[ 5.5134473 20.975609   5.1595483 24.089607  16.6678     5.9255257
  6.331963   5.9255257]
iteration15
weights0[ 6.097288  23.196798   5.705913  24.089607  16.6678     5.9255257
  6.331963   5.9255257]
weights1[ 6.097288  23.196798   5.705913  26.566223  18.381393   6.53472
  6.9829426  6.53472  ]
weights2[ 5.88345   22.383263   5.5058007 25.634518  18.381393   6.3055406
  6.7380433  6.3055406]
weights3[ 5.6654468 22.383263   5.3017907 25.634518  17.700296   6.0718975
  6.488374   6.0718975]
weights4[ 5.356676  21.16336    5.3017907 24.23742   16.735619   6.0718975
  6.1347537  6.0718975]
iteration16
weights0[ 5.891669  23.277029   5.8313017 24.23742   16.735619   6.0718975
  6.1347537  6.0718975]
weights1[ 5.891669  23.277029   5.8313017 26.588861  18.359259   6.660975
  6.7299294  6.660975 ]
weights2[ 5.691408 22.485832  5.633093 25.685093 18.359259  6.434565  6.501176
  6.434565]
weights3[ 5.487662  22.485832   5.431434  25.685093  17.702017   6.2042146
  6.2684407  6.2042146]
weights4[ 5.2080984 21.340313   5.431434  24.37659   16.800205   6.2042146
  5.949101   6.2042146]
iteration17
weights0[ 5.699948  23.355677   5.944375  24.37659   16.800205   6.2042146
  5.949101   6.2042146]
weights1[ 5.699948  23.355677   5.944375  26.614534  18.342583   6.7738056
  6.4952707  6.7738056]
weights2[ 5.512343 22.58696   5.748725 25.738558 18.342583  6.550856  6.281489
  6.550856]
weights3[ 5.3216295 22.58696    5.5498333 25.738558  17.707973   6.3242126
  6.0641646  6.3242126]
weights4[ 5.0671973 21.507055   5.5498333 24.507973  16.861338   6.3242126
  5.774231   6.3242126]
iteration18
weights0[ 5.520839  23.432478   6.046683  24.507973  16.861338   6.3242126
  5.774231   6.3242126]
weights1[ 5.520839  23.432478   6.046683  26.64268   18.330004   6.8750677
  6.277181   6.8750677]
weights2[ 5.344991  22.686115   5.854086  25.794065  18.330004   6.6560855
  6.0772424  6.6560855]
weights3[ 5.166278  22.686115   5.6583505 25.794065  17.717129   6.433535
  5.874046   6.433535 ]
weights4[ 4.933559  21.664202   5.6583505 24.63215   16.919046   6.433535
  5.6094446  6.433535 ]
iteration19
weights0[ 5.3532357 23.507082   6.139682  24.63215   16.919046   6.433535
  5.6094446  6.433535 ]
weights1[ 5.3532357 23.507082   6.139682  26.67251   18.320505   6.9664454
  6.074093   6.9664454]
weights2[ 5.1882787 22.782724   5.950491  25.850613  18.320505   6.751778
  5.8869233  6.751778 ]
weights3[ 5.020646  22.782724   5.7582316 25.850613  17.728573   6.5336294
  5.6967177  6.5336294]
weights4[ 4.8068075 21.812366   5.7582316 24.749588  16.97348    6.5336294
  5.4540844  6.5336294]
iteration20
weights0[ 5.1961627 23.579185   6.224653  24.749588  16.97348    6.5336294
  5.4540844  6.5336294]
weights1[ 5.1961627 23.579185   6.224653  26.703278  18.313337   7.0493827
  5.88462    7.0493827]
weights2[ 5.0412717 22.87632    6.039104  25.907288  18.313337   6.8392496
  5.709207   6.8392496]
weights3[ 4.8838787 22.87632    5.850558  25.907288  17.74158    6.6257224
  5.5309606  6.6257224]
weights4[ 4.686579  21.95216    5.850558  24.860683  17.024853   6.6257224
  5.3075204  6.6257224]
iteration21
weights0[ 5.048748  23.648575   6.302676  24.860683  17.024853   6.6257224
  5.3075204  6.6257224]
weights1[ 5.048748  23.648575   6.302676  26.73435   18.307959   7.1250806
  5.7075305  7.1250806]
weights2[ 4.9031487 22.966581   6.1209154 25.963367  18.307959   6.919603
  5.542933   6.919603 ]
weights3[ 4.755216  22.966581   5.9362416 25.963367  17.75559    6.710832
  5.3756976  6.710832 ]
weights4[ 4.5725126 22.084166   5.9362416 24.96581   17.073391   6.710832
  5.169154   6.710832 ]
iteration22
weights0[ 4.910206 23.715145  6.37465  24.96581  17.073391  6.710832  5.169154
  6.710832]
weights1[ 4.910206  23.715145   6.37465   26.765251  18.303976   7.1945233
  5.541727   7.1945233]
weights2[ 4.7731786 23.053337   6.1967554 26.018324  18.303976   6.9937487
  5.3870764  6.9937487]
weights3[ 4.6339836 23.053337   6.0160465 26.018324  17.770197   6.789798
  5.229979   6.789798 ]
weights4[ 4.464251  22.208944   6.0160465 25.06533   17.119314   6.789798
  5.0384164  6.789798 ]
iteration23
weights0[ 4.779823  23.778864   6.441313  25.06533   17.119314   6.789798
  5.0384164  6.789798 ]
weights1[ 4.779823  23.778864   6.441313  26.795647  18.301098   7.2585125
  5.3862295  7.2585125]
weights2[ 4.650705  23.136522   6.2673125 26.071812  18.301098   7.062437
  5.240731   7.062437 ]
weights3[ 4.5195804 23.136522   6.090608  26.071812  17.785107   6.8633146
  5.0929704  6.8633146]
weights4[ 4.3614454 22.327002   6.090608  25.15959   17.162827   6.8633146
  4.9147735  6.8633146]
iteration24
weights0[ 4.6569552 23.839767   6.5032773 25.15959   17.162827   6.8633146
  4.9147735  6.8633146]
weights1[ 4.6569552 23.839767   6.5032773 26.82531   18.299112   7.3177085
  5.240162   7.3177085]
weights2[ 4.535138  23.216164   6.3331637 26.12361   18.299112   7.126291
  5.1030893  7.126291 ]
weights3[ 4.411468  23.216164   6.1604624 26.12361   17.800108   6.9319615
  4.9639316  6.9319615]
weights4[ 4.2637606 22.438826   6.1604624 25.248922  17.204115   6.9319615
  4.797726   6.9319615]
iteration25
weights0[ 4.5410156 23.897932   6.5610523 25.248922  17.204115   6.9319615
  4.797726   6.9319615]
weights1[ 4.5410156 23.897932   6.5610523 26.854101  18.297852   7.372655
  5.1027374  7.372655 ]
weights2[ 4.425944  23.292347   6.394792  26.173605  18.297852   7.185828
  4.9734316  7.185828 ]
weights3[ 4.3091636 23.292347   6.2260633 26.173605  17.815056   6.9962277
  4.842206   6.9962277]
weights4[ 4.1708755 22.544857   6.2260633 25.33365   17.243341   6.9962277
  4.6868114  6.9962277]
iteration26
weights0[ 4.431472  23.95346    6.615068  25.33365   17.243341   6.9962277
  4.6868114  6.9962277]
weights1[ 4.431472  23.95346    6.615068  26.881943  18.297186   7.4238095
  4.973251   7.4238095]
weights2[ 4.3226395 23.365189   6.452609  26.22175   18.297186   7.2414885
  4.851113   7.2414885]
weights3[ 4.212233  23.365189   6.2878    26.22175   17.82985    7.0565305
  4.727208   7.0565305]
weights4[ 4.082489  22.6455     6.2878    25.414074  17.280659   7.0565305
  4.5816016  7.0565305]
iteration27
weights0[ 4.3278418 24.006468   6.6656895 25.414074  17.280659   7.0565305
  4.5816016  7.0565305]
weights1[ 4.3278418 24.006468   6.6656895 26.908798  18.297018   7.471559
  4.8510675  7.471559 ]
weights2[ 4.2247877 23.434828   6.5069666 26.26805   18.297018   7.293647
  4.735554   7.293647 ]
weights3[ 4.120282  23.434828   6.346009  26.26805   17.844418   7.1132293
  4.6184144  7.1132293]
weights4[ 3.998316  22.741123   6.346009  25.490479  17.316198   7.1132293
  4.481703   7.1132293]
iteration28
weights0[ 4.2296863 24.057081   6.7132325 25.490479  17.316198   7.1132293
  4.481703   7.1132293]
weights1[ 4.2296863 24.057081   6.7132325 26.934658  18.297258   7.516234
  4.7356167  7.516234 ]
weights2[ 4.13199   23.501417   6.5581717 26.312529  18.297258   7.342626
  4.6262345  7.342626 ]
weights3[ 4.032955  23.501417   6.4009867 26.312529  17.858713   7.1666393
  4.5153537  7.1666393]
weights4[ 3.918093  22.832075   6.4009867 25.563124  17.35008    7.1666393
  4.386752   7.1666393]
iteration29
weights0[ 4.1366057 24.105423   6.757971  25.563124  17.35008    7.1666393
  4.386752   7.1666393]
weights1[ 4.1366057 24.105423   6.757971  26.95953   18.297842   7.5581226
  4.626382   7.5581226]
weights2[ 4.0438848 23.565105   6.6064925 26.35524   18.297842   7.3887095
  4.5226827  7.3887095]
weights3[ 3.9499273 23.565105   6.4529943 26.35524   17.872702   7.217037
  4.4176006  7.217037 ]
weights4[ 3.8415723 22.918663   6.4529943 25.63226   17.382414   7.217037
  4.2964163  7.217037 ]
iteration30
weights0[ 4.0482373 24.151617   6.8001456 25.63226   17.382414   7.217037
  4.2964163  7.217037 ]
weights1[ 4.0482373 24.151617   6.8001456 26.983438  18.298712   7.5974765
  4.5228977  7.5974765]
weights2[ 3.9601424 23.626045   6.6521654 26.396244  18.298712   7.432145
  4.4244733  7.432145 ]
weights3[ 3.8709035 23.626045   6.5022635 26.396244  17.886364   7.264667
  4.324771   7.264667 ]
weights4[ 3.768525  23.001179   6.5022635 25.69811   17.413301   7.264667
  4.210388   7.264667 ]
iteration31
weights0[ 3.9642491 24.195782   6.839969  25.69811   17.413301   7.264667
  4.210388   7.264667 ]
weights1[ 3.9642491 24.195782   6.839969  27.00641   18.29982    7.6345143
  4.424741   7.6345143]
weights2[ 3.8804615 23.684383   6.6954007 26.435608  18.29982    7.4731526
  4.33122    7.4731526]
weights3[ 3.7956133 23.684383   6.5490026 26.435608  17.899685   7.3097486
  4.236516   7.3097486]
weights4[ 3.6987374 23.079884   6.5490026 25.76089   17.44283    7.3097486
  4.128387   7.3097486]
iteration32
weights0[ 3.8843396 24.23803    6.8776307 25.76089   17.44283    7.3097486
  4.128387   7.3097486]
weights1[ 3.8843396 24.23803    6.8776307 27.028482  18.301123   7.669433
  4.3315287  7.669433 ]
weights2[ 3.8045676 23.740257   6.736386  26.473404  18.301123   7.511927
  4.242573   7.511927 ]
weights3[ 3.723811  23.740257   6.5933976 26.473404  17.912659   7.352477
  4.1525187  7.352477 ]
weights4[ 3.6320128 23.15502    6.5933976 25.820791  17.471083   7.352477
  4.0501523  7.352477 ]
iteration33
weights0[ 3.8082328 24.278467   6.9132996 25.820791  17.471083   7.352477
  4.0501523  7.352477 ]
weights1[ 3.8082328 24.278467   6.9132996 27.049688  18.30259    7.7024055
  4.2429123  7.7024055]
weights2[ 3.7322097 23.7938     6.7752905 26.509699  18.30259    7.5486436
  4.1582117  7.5486436]
weights3[ 3.6552703 23.7938     6.635618  26.509699  17.925282   7.3930287
  4.07249    7.3930287]
weights4[ 3.5681682 23.226814   6.635618  25.877995  17.498137   7.3930287
  3.9754462  7.3930287]
iteration34
weights0[ 3.7356758 24.317198   6.9471273 25.877995  17.498137   7.3930287
  3.9754462  7.3930287]
weights1[ 3.7356758 24.317198   6.9471273 27.070063  18.304186   7.733588
  4.158575   7.733588 ]
weights2[ 3.6631567 23.845139   6.8122654 26.544563  18.304186   7.5834594
  4.0778465  7.5834594]
weights3[ 3.589784  23.845139   6.675816  26.544563  17.937553   7.431563
  3.9961674  7.431563 ]
weights4[ 3.5070336 23.29547    6.675816  25.932667  17.524063   7.431563
  3.9040492  7.431563 ]
iteration35
weights0[ 3.6664379 24.354313   6.97925   25.932667  17.524063   7.431563
  3.9040492  7.431563 ]
weights1[ 3.6664379 24.354313   6.97925   27.089643  18.305893   7.763119
  4.0782266  7.763119 ]
weights2[ 3.5971982 23.894388   6.847449  26.578064  18.305893   7.616515
  4.0012107  7.616515 ]
weights3[ 3.5271611 23.894388   6.7141294 26.578064  17.949478   7.468222
  3.9233074  7.468222 ]
weights4[ 3.4484513 23.361176   6.7141294 25.984964  17.54893    7.468222
  3.8357573  7.468222 ]
iteration36
weights0[ 3.6003065 24.389902   7.0097914 25.984964  17.54893    7.468222
  3.8357573  7.468222 ]
weights1[ 3.6003065 24.389902   7.0097914 27.108467  18.307686   7.791123
  4.0016026  7.791123 ]
weights2[ 3.53414   23.941664   6.880965  26.610268  18.307686   7.647938
  3.9280612  7.647938 ]
weights3[ 3.4672272 23.941664   6.750686  26.610268  17.961061   7.503137
  3.8536901  7.503137 ]
weights4[ 3.3922753 23.42411    6.750686  26.035027  17.572792   7.503137
  3.7703838  7.503137 ]
iteration37
weights0[ 3.5370865 24.424051   7.0388627 26.035027  17.572792   7.503137
  3.7703838  7.503137 ]
weights1[ 3.5370865 24.424051   7.0388627 27.126568  18.309547   7.817713
  3.9284604  7.817713 ]
weights2[ 3.473803  23.98707    6.9129276 26.641235  18.309547   7.677843
  3.8581748  7.677843 ]
weights3[ 3.4098198 23.98707    6.7855997 26.641235  17.972307   7.5364265
  3.787112   7.5364265]
weights4[ 3.3383694 23.484438   6.7855997 26.082987  17.595709   7.5364265
  3.7077556  7.5364265]
iteration38
weights0[ 3.4765983 24.456837   7.066565  26.082987  17.595709   7.5364265
  3.7077556  7.5364265]
weights1[ 3.4765983 24.456837   7.066565  27.14398   18.31146    7.8429904
  3.8585782  7.8429904]
weights2[ 3.4160228 24.030706   6.9434385 26.671028  18.31146    7.7063355
  3.791347   7.7063355]
weights3[ 3.3547902 24.030706   6.8189764 26.671028  17.983225   7.568198
  3.7233865  7.568198 ]
weights4[ 3.2866073 23.542305   6.8189764 26.128965  17.617733   7.568198
  3.6477122  7.568198 ]
iteration39
weights0[ 3.4186769 24.488333   7.092991  26.128965  17.617733   7.568198
  3.6477122  7.568198 ]
weights1[ 3.4186769 24.488333   7.092991  27.160736  18.313416   7.8670483
  3.7917516  7.8670483]
weights2[ 3.3606474 24.072662   6.972593  26.699703  18.313416   7.733511
  3.7273896  7.733511 ]
weights3[ 3.3019998 24.072662   6.850912  26.699703  17.993822   7.598551
  3.6623418  7.598551 ]
weights4[ 3.236871  23.597853   6.850912  26.173077  17.63891    7.598551
  3.5901055  7.598551 ]
iteration40
weights0[ 3.363169  24.518606   7.1182246 26.173077  17.63891    7.598551
  3.5901055  7.598551 ]
weights1[ 3.363169  24.518606   7.1182246 27.176867  18.3154     7.889971
  3.7277935  7.889971 ]
weights2[ 3.3075361 24.113026   7.000477  26.727314  18.3154     7.7594566
  3.666129   7.7594566]
weights3[ 3.2513206 24.113026   6.8814955 26.727314  18.004107   7.6275754
  3.603819   7.6275754]
weights4[ 3.1890507 23.651209   6.8814955 26.215427  17.659288   7.6275754
  3.534798   7.6275754]
iteration41
weights0[ 3.3099337 24.547724   7.142343  26.215427  17.659288   7.6275754
  3.534798   7.6275754]
weights1[ 3.3099337 24.547724   7.142343  27.192402  18.3174     7.911834
  3.66653    7.911834 ]
weights2[ 3.2565594 24.151878   7.027169  26.75391   18.3174     7.784251
  3.6074052  7.784251 ]
weights3[ 3.202635  24.151878   6.9108086 26.75391   18.014088   7.6553545
  3.5476713  7.6553545]
weights4[ 3.1430452 23.702496   6.9108086 26.256113  17.67891    7.6553545
  3.4816616  7.6553545]
iteration42
weights0[ 3.2588413 24.575743   7.1654162 26.256113  17.67891    7.6553545
  3.4816616  7.6553545]
weights1[ 3.2588413 24.575743   7.1654162 27.207369  18.319414   7.9327073
  3.607802   7.9327073]
weights2[ 3.207597  24.189299   7.0527425 26.779543  18.319414   7.807968
  3.5510705  7.807968 ]
weights3[ 3.1558328 24.189299   6.9389253 26.779543  18.023775   7.6819634
  3.4937634  7.6819634]
weights4[ 3.0987585 23.751827   6.9389253 26.295225  17.69781    7.6819634
  3.4305775  7.6819634]
iteration43
weights0[ 3.2097697 24.602722   7.187508  26.295225  17.69781    7.6819634
  3.4305775  7.6819634]
weights1[ 3.2097697 24.602722   7.187508  27.221798  18.321432   7.952655
  3.5514617  7.952655 ]
weights2[ 3.160537  24.225355   7.077263  26.804258  18.321432   7.8306737
  3.4969878  7.8306737]
weights3[ 3.110812  24.225355   6.9659157 26.804258  18.033178   7.707473
  3.4419694  7.707473 ]
weights4[ 3.0561018 23.799301   6.9659157 26.33285   17.716026   7.707473
  3.3814352  7.707473 ]
iteration44
weights0[ 3.1626077 24.628714   7.2086797 26.33285   17.716026   7.707473
  3.3814352  7.707473 ]
weights1[ 3.1626077 24.628714   7.2086797 27.23571   18.323446   7.971735
  3.4973726  7.971735 ]
weights2[ 3.1152759 24.260118   7.100794  26.828098  18.323446   7.8524294
  3.4450307  7.8524294]
weights3[ 3.0674775 24.260118   6.9918447 26.828098  18.042305   7.7319474
  3.3921728  7.7319474]
weights4[ 3.0149922 23.845022   6.9918447 26.369062  17.733597   7.7319474
  3.334132   7.7319474]
iteration45
weights0[ 3.1172507 24.653765   7.2289844 26.369062  17.733597   7.7319474
  3.334132   7.7319474]
weights1[ 3.1172507 24.653765   7.2289844 27.249132  18.325457   7.9900017
  3.4454088  7.9900017]
weights2[ 3.071717  24.293648   7.1233907 26.851105  18.325457   7.873292
  3.3950818  7.873292 ]
weights3[ 3.0257404 24.293648   7.0167694 26.851105  18.051167   7.7554464
  3.344265   7.7554464]
weights4[ 2.9753513 23.889074   7.0167694 26.40394   17.750551   7.7554464
  3.2885714  7.7554464]
iteration46
weights0[ 3.0736017 24.677925   7.248473  26.40394   17.750551   7.7554464
  3.2885714  7.7554464]
weights1[ 3.0736017 24.677925   7.248473  27.262085  18.327456   8.0075035
  3.395452   8.0075035]
weights2[ 3.0297709 24.326008   7.1451073 26.873318  18.327456   7.8933134
  3.3470316  7.8933134]
weights3[ 2.9855187 24.326008   7.0407476 26.873318  18.059769   7.7780256
  3.2981455  7.7780256]
weights4[ 2.9371066 23.931547   7.0407476 26.43755   17.766918   7.7780256
  3.244664   7.7780256]
iteration47
weights0[ 3.0315702 24.701237   7.2671933 26.43755   17.766918   7.7780256
  3.244664   7.7780256]
weights1[ 3.0315702 24.701237   7.2671933 27.274593  18.32944    8.024287
  3.3473938  8.024287 ]
weights2[ 2.989353  24.35725    7.1659913 26.894772  18.32944    7.9125423
  3.3007784  7.9125423]
weights3[ 2.9467347 24.35725    7.063828  26.894772  18.068123   7.799736
  3.2537203  7.799736 ]
weights4[ 2.9001896 23.972517   7.063828  26.469957  17.782728   7.799736
  3.2023263  7.799736 ]
iteration48
weights0[ 2.9910727 24.723742   7.2851863 26.469957  17.782728   7.799736
  3.2023263  7.799736 ]
weights1[ 2.9910727 24.723742   7.2851863 27.286674  18.331406   8.040393
  3.3011324  8.040393 ]
weights2[ 2.950386  24.387432   7.1860886 26.915503  18.331406   7.931022
  3.2562282  7.931022 ]
weights3[ 2.9093173 24.387432   7.0860596 26.915503  18.076237   7.820624
  3.2109022  7.820624 ]
weights4[ 2.864537  24.01206    7.0860596 26.501219  17.798006   7.820624
  3.16148    7.820624 ]
iteration49
weights0[ 2.9520304 24.745476   7.3024936 26.501219  17.798006   7.820624
  3.16148    7.820624 ]
weights1[ 2.9520304 24.745476   7.3024936 27.298351  18.333353   8.0558605
  3.2565744  8.0558605]
weights2[ 2.9127967 24.4166     7.2054405 26.935547  18.333353   7.9487953
  3.2132933  7.9487953]
weights3[ 2.8731985 24.4166     7.1074853 26.935547  18.084118   7.8407345
  3.1696098  7.8407345]
weights4[ 2.830088  24.050243   7.1074853 26.531395  17.812777   7.8407345
  3.1220517  7.8407345]
iteration50
weights0[ 2.91437   24.766478   7.319152  26.531395  17.812777   7.8407345
  3.1220517  7.8407345]
weights1[ 2.91437   24.766478   7.319152  27.309639  18.335278   8.070726
  3.2136307  8.070726 ]
weights2[ 2.8765168 24.4448     7.224087  26.95493   18.335278   7.9659
  3.1718905  7.9659   ]
weights3[ 2.8383152 24.4448     7.128148  26.95493   18.091776   7.860109
  3.1297662  7.860109 ]
weights4[ 2.796786  24.087133   7.128148  26.560535  17.827065   7.860109
  3.0839727  7.860109 ]
iteration51
weights0[ 2.878023  24.786781   7.335196  26.560535  17.827065   7.860109
  3.0839727  7.860109 ]
weights1[ 2.878023  24.786781   7.335196  27.320555  18.33718    8.085023
  3.1722195  8.085023 ]
weights2[ 2.8414822 24.472076   7.242065  26.97368   18.33718    7.982372
  3.1319435  7.982372 ]
weights3[ 2.8046083 24.472076   7.148085  26.97368   18.099218   7.8787847
  3.0913002  7.8787847]
weights4[ 2.7645788 24.122791   7.148085  26.58869   17.84089    7.8787847
  3.0471787  7.8787847]
iteration52
weights0[ 2.8429253 24.806417   7.3506575 26.58869   17.84089    7.8787847
  3.0471787  7.8787847]
weights1[ 2.8429253 24.806417   7.3506575 27.331118  18.339056   8.098782
  3.1322641  8.098782 ]
weights2[ 2.8076334 24.498472   7.259407  26.99183   18.339056   7.998244
  3.0933805  7.998244 ]
weights3[ 2.7720227 24.498472   7.167332  26.99183   18.106453   7.8967977
  3.0541456  7.8967977]
weights4[ 2.7334158 24.157274   7.167332  26.615906  17.854279   7.8967977
  3.0116096  7.8967977]
iteration53
weights0[ 2.8090167 24.825417   7.3655663 26.615906  17.854279   7.8967977
  3.0116096  7.8967977]
weights1[ 2.8090167 24.825417   7.3655663 27.34134   18.340908   8.11203
  3.0936928  8.11203  ]
weights2[ 2.7749143 24.524027   7.2761455 27.009405  18.340908   8.013547
  3.0561342  8.013547 ]
weights3[ 2.740506  24.524027   7.185923  27.009405  18.113485   7.9141808
  3.0182388  7.9141808]
weights4[ 2.7032504 24.190638   7.185923  26.642227  17.867243   7.9141808
  2.9772074  7.9141808]
iteration54
weights0[ 2.7762408 24.84381    7.37995   26.642227  17.867243   7.9141808
  2.9772074  7.9141808]
weights1[ 2.7762408 24.84381    7.37995   27.351238  18.342731   8.124796
  3.056438   8.124796 ]
weights2[ 2.7432716 24.548777   7.2923098 27.02643   18.342731   8.02831
  3.0201414  8.02831  ]
weights3[ 2.710009 24.548777  7.20389  27.02643  18.120323  7.930966  2.983522
  7.930966]
weights4[ 2.6740377 24.222929   7.20389   26.667694  17.879803   7.930966
  2.9439201  7.930966 ]
iteration55
weights0[ 2.7445445 24.86162    7.393836  26.667694  17.879803   7.930966
  2.9439201  7.930966 ]
weights1[ 2.7445445 24.86162    7.393836  27.360828  18.344526   8.137104
  3.0204372  8.137104 ]
weights2[ 2.712656  24.572756   7.307928  27.042927  18.344526   8.04256
  2.9853432  8.04256  ]
weights3[ 2.6804862 24.572756   7.221262  27.042927  18.126974   7.947181
  2.9499395  7.947181 ]
weights4[ 2.6457367 24.254198   7.221262  26.692347  17.89198    7.947181
  2.911697   7.947181 ]
iteration56
weights0[ 2.7138786 24.878874   7.407248  26.692347  17.89198    7.947181
  2.911697   7.947181 ]
weights1[ 2.7138786 24.878874   7.407248  27.370121  18.346294   8.148977
  2.985631   8.148977 ]
weights2[ 2.6830213 24.595997   7.323026  27.058918  18.346294   8.056322
  2.9516838  8.056322 ]
weights3[ 2.6518936 24.595997   7.238066  27.058918  18.133446   7.962855
  2.9174392  7.962855 ]
weights4[ 2.6183076 24.28449    7.238066  26.716219  17.903786   7.962855
  2.88049    7.962855 ]
iteration57
weights0[ 2.6841958 24.895596   7.420208  26.716219  17.903786   7.962855
  2.88049    7.962855 ]
weights1[ 2.6841958 24.895596   7.420208  27.37913   18.348032   8.160438
  2.9519637  8.160438 ]
weights2[ 2.6543233 24.618532   7.3376284 27.074427  18.348032   8.06962
  2.9191113  8.06962  ]
weights3[ 2.6241908 24.618532   7.25433   27.074427  18.139742   7.978012
  2.885973   7.978012 ]
weights4[ 2.591713  24.313847   7.25433   26.739346  17.91524    7.978012
  2.8502553  7.978012 ]
iteration58
weights0[ 2.6554523 24.911808   7.4327393 26.739346  17.91524    7.978012
  2.8502553  7.978012 ]
weights1[ 2.6554523 24.911808   7.4327393 27.387863  18.349743   8.171505
  2.9193833  8.171505 ]
weights2[ 2.6265206 24.64039    7.3517585 27.089468  18.349743   8.082476
  2.887576   8.082476 ]
weights3[ 2.597339  24.64039    7.270077  27.089468  18.145868   7.992676
  2.8554938  7.992676 ]
weights4[ 2.5659182 24.34231    7.270077  26.761759  17.926353   7.992676
  2.82095    7.992676 ]
iteration59
weights0[ 2.6276064 24.927534   7.44486   26.761759  17.926353   7.992676
  2.82095    7.992676 ]
weights1[ 2.6276064 24.927534   7.44486   27.396336  18.351425   8.182199
  2.8878407  8.182199 ]
weights2[ 2.5995746 24.661602   7.3654366 27.104067  18.351425   8.09491
  2.8570328  8.09491  ]
weights3[ 2.5713015 24.661602   7.28533   27.104067  18.151834   8.006869
  2.8259597  8.006869 ]
weights4[ 2.5408893 24.369915   7.28533   26.783491  17.937141   8.006869
  2.7925353  8.006869 ]
iteration60
weights0[ 2.6006193 24.942791   7.4565897 26.783491  17.937141   8.006869
  2.7925353  8.006869 ]
weights1[ 2.6006193 24.942791   7.4565897 27.40456   18.353077   8.192536
  2.85729    8.192536 ]
weights2[ 2.5734482 24.68219    7.3786836 27.118238  18.353077   8.106941
  2.8274372  8.106941 ]
weights3[ 2.5460446 24.68219    7.3001113 27.118238  18.157644   8.020614
  2.7973292  8.020614 ]
weights4[ 2.5165951 24.396698   7.3001113 26.80457   17.94762    8.020614
  2.7649734  8.020614 ]
iteration61
weights0[ 2.5744538 24.9576     7.467947  26.80457   17.94762    8.020614
  2.7649734  8.020614 ]
weights1[ 2.5744538 24.9576     7.467947  27.41254   18.354702   8.202535
  2.8276875  8.202535 ]
weights2[ 2.5481067 24.70218    7.3915195 27.131998  18.354702   8.118589
  2.7987487  8.118589 ]
weights3[ 2.5215352 24.70218    7.314441  27.131998  18.163301   8.03393
  2.7695637  8.03393  ]
weights4[ 2.493006  24.422695   7.314441  26.825022  17.957798   8.03393
  2.7382283  8.03393  ]
iteration62
weights0[ 2.5490754 24.971977   7.4789476 26.825022  17.957798   8.03393
  2.7382283  8.03393  ]
weights1[ 2.5490754 24.971977   7.4789476 27.420292  18.356297   8.21221
  2.798992   8.21221  ]
weights2[ 2.5235174 24.721598   7.4039607 27.145365  18.356297   8.12987
  2.7709281  8.12987  ]
weights3[ 2.497743  24.721598   7.328339  27.145365  18.168812   8.046835
  2.7426267  8.046835 ]
weights4[ 2.4700937 24.447937   7.328339  26.844873  17.967688   8.046835
  2.7122667  8.046835 ]
iteration63
weights0[ 2.524451  24.98594    7.4896073 26.844873  17.967688   8.046835
  2.7122667  8.046835 ]
weights1[ 2.524451  24.98594    7.4896073 27.42782   18.357864   8.221576
  2.7711647  8.221576 ]
weights2[ 2.4996493 24.740465   7.416025  27.158354  18.357864   8.140802
  2.7439392  8.140802 ]
weights3[ 2.4746385 24.740465   7.341822  27.158354  18.174181   8.059347
  2.716484   8.059347 ]
weights4[ 2.447831  24.472454   7.341822  26.86415   17.977303   8.059347
  2.6870565  8.059347 ]
iteration64
weights0[ 2.500549  24.99951    7.499941  26.86415   17.977303   8.059347
  2.6870565  8.059347 ]
weights1[ 2.500549 24.99951   7.499941 27.435137 18.359404  8.230645  2.744169
  8.230645]
weights2[ 2.4764726 24.758804   7.427728  27.170979  18.359404   8.151397
  2.717747   8.151397 ]
weights3[ 2.452194 24.758804  7.354909 27.170979 18.179415  8.071483  2.691103
  8.071483]
weights4[ 2.4261923 24.496275   7.354909  26.882874  17.98665    8.071483
  2.662568   8.071483 ]
iteration65
weights0[ 2.4773405 25.012697   7.5099626 26.882874  17.98665    8.071483
  2.662568   8.071483 ]
weights1[ 2.4773405 25.012697   7.5099626 27.44225   18.360914   8.239433
  2.7179704  8.239433 ]
weights2[ 2.45396   24.776632   7.4390855 27.183256  18.360914   8.161672
  2.692319   8.161672 ]
weights3[ 2.430384  24.776632   7.3676157 27.183256  18.184515   8.08326
  2.666453   8.08326  ]
weights4[ 2.405154  24.519426   7.3676157 26.901066  17.99574    8.08326
  2.6387725  8.08326  ]
iteration66
weights0[ 2.4547973 25.025517   7.519686  26.901066  17.99574    8.08326
  2.6387725  8.08326  ]
weights1[ 2.4547973 25.025517   7.519686  27.449163  18.362396   8.247952
  2.6925364  8.247952 ]
weights2[ 2.4320846 24.793972   7.4501114 27.195194  18.362396   8.171639
  2.667624   8.171639 ]
weights3[ 2.4091828 24.793972   7.379957  27.195194  18.189487   8.094691
  2.6425042  8.094691 ]
weights4[ 2.384693  24.541937   7.379957  26.918749  18.004587   8.094691
  2.6156425  8.094691 ]
iteration67
weights0[ 2.4328928 25.037985   7.529123  26.918749  18.004587   8.094691
  2.6156425  8.094691 ]
weights1[ 2.4328928 25.037985   7.529123  27.455887  18.363852   8.256213
  2.6678352  8.256213 ]
weights2[ 2.4108217 24.81084    7.460819  27.206808  18.363852   8.1813135
  2.6436327  8.1813135]
weights3[ 2.3885674 24.81084    7.391948  27.206808  18.194336   8.105792
  2.6192293  8.105792 ]
weights4[ 2.3647873 24.563828   7.391948  26.935942  18.013197   8.105792
  2.5931528  8.105792 ]
iteration68
weights0[ 2.4116025 25.050112   7.5382853 26.935942  18.013197   8.105792
  2.5931528  8.105792 ]
weights1[ 2.4116025 25.050112   7.5382853 27.462427  18.36528    8.264227
  2.6438382  8.264227 ]
weights2[ 2.390148  24.827255   7.4712214 27.21811   18.36528    8.190704
  2.6203175  8.190704 ]
weights3[ 2.368516  24.827255   7.403603  27.21811   18.199064   8.116574
  2.5966022  8.116574 ]
weights4[ 2.3454168 24.585125   7.403603  26.952662  18.021576   8.116574
  2.5712786  8.116574 ]
iteration69
weights0[ 2.3909023 25.061914   7.547184  26.952662  18.021576   8.116574
  2.5712786  8.116574 ]
weights1[ 2.3909023 25.061914   7.547184  27.468794  18.366682   8.272003
  2.6205175  8.272003 ]
weights2[ 2.3700402 24.843233   7.4813304 27.229113  18.366682   8.199825
  2.597652   8.199825 ]
weights3[ 2.3490062 24.843233   7.414934  27.229113  18.203678   8.127052
  2.5745978  8.127052 ]
weights4[ 2.3265607 24.605848   7.414934  26.968931  18.029737   8.127052
  2.5499969  8.127052 ]
iteration70
weights0[ 2.3707693 25.0734     7.5558305 26.968931  18.029737   8.127052
  2.5499969  8.127052 ]
weights1[ 2.3707693 25.0734     7.5558305 27.47499   18.368057   8.279552
  2.5978463  8.279552 ]
weights2[ 2.3504772 24.85879    7.491158  27.239824  18.368057   8.208686
  2.5756106  8.208686 ]
weights3[ 2.3300185 24.85879    7.4259543 27.239824  18.208181   8.137237
  2.5531924  8.137237 ]
weights4[ 2.308201  24.62602    7.4259543 26.98476   18.037687   8.137237
  2.5292852  8.137237 ]
iteration71
weights0[ 2.3511822 25.084583   7.564234  26.98476   18.037687   8.137237
  2.5292852  8.137237 ]
weights1[ 2.3511822 25.084583   7.564234  27.481022  18.36941    8.286884
  2.5758     8.286884 ]
weights2[ 2.3314388 24.873941   7.500715  27.250256  18.36941    8.217297
  2.5541701  8.217297 ]
weights3[ 2.3115335 24.873941   7.436675  27.250256  18.212576   8.147139
  2.5323632  8.147139 ]
weights4[ 2.2903197 24.645664   7.436675  27.00017   18.045433   8.147139
  2.5091226  8.147139 ]
iteration72
weights0[ 2.3321207 25.095476   7.572403  27.00017   18.045433   8.147139
  2.5091226  8.147139 ]
weights1[ 2.3321207 25.095476   7.572403  27.486898  18.370735   8.294006
  2.5543542  8.294006 ]
weights2[ 2.312905  24.888702   7.5100102 27.26042   18.370735   8.225668
  2.5333076  8.225668 ]
weights3[ 2.2935326 24.888702   7.4471073 27.26042   18.216864   8.156771
  2.512089   8.156771 ]
weights4[ 2.2728992 24.664795   7.4471073 27.015175  18.052979   8.156771
  2.4894893  8.156771 ]
iteration73
weights0[ 2.313565  25.106087   7.580348  27.015175  18.052979   8.156771
  2.4894893  8.156771 ]
weights1[ 2.313565  25.106087   7.580348  27.492622  18.372034   8.300928
  2.5334868  8.300928 ]
weights2[ 2.2948582 24.903086   7.5190554 27.270325  18.372034   8.2338085
  2.5130017  8.2338085]
weights3[ 2.2759988 24.903086   7.4572635 27.270325  18.221052   8.166142
  2.4923496  8.166142 ]
weights4[ 2.2559235 24.68343    7.4572635 27.029789  18.060335   8.166142
  2.470366   8.166142 ]
iteration74
weights0[ 2.2954967 25.116425   7.5880785 27.029789  18.060335   8.166142
  2.470366   8.166142 ]
weights1[ 2.2954967 25.116425   7.5880785 27.4982    18.37331    8.307657
  2.513176   8.307657 ]
weights2[ 2.2772799 24.917103   7.52786   27.279976  18.37331    8.241729
  2.4932315  8.241729 ]
weights3[ 2.258915 24.917103  7.467152 27.279976 18.22514   8.175264  2.473125
  8.175264]
weights4[ 2.2393773 24.701591   7.467152  27.044027  18.067507   8.175264
  2.4517345  8.175264 ]
iteration75
weights0[ 2.2778983 25.126501   7.5956    27.044027  18.067507   8.175264
  2.4517345  8.175264 ]
weights1[ 2.2778983 25.126501   7.5956    27.503635  18.374561   8.314201
  2.4934013  8.314201 ]
weights2[ 2.2601538 24.930769   7.536432  27.289387  18.374561   8.249435
  2.473978   8.249435 ]
weights3[ 2.2422655 24.930769   7.4767833 27.289387  18.229134   8.184144
  2.4543974  8.184144 ]
weights4[ 2.2232451 24.719292   7.4767833 27.057901  18.074503   8.184144
  2.4335778  8.184144 ]
iteration76
weights0[ 2.260753  25.136324   7.6029224 27.057901  18.074503   8.184144
  2.4335778  8.184144 ]
weights1[ 2.260753  25.136324   7.6029224 27.508934  18.37579    8.320567
  2.4741435  8.320567 ]
weights2[ 2.243464  24.944096   7.54478   27.298561  18.37579    8.256936
  2.4552226  8.256936 ]
weights3[ 2.2260354 24.944096   7.486167  27.298561  18.233034   8.192791
  2.436149   8.192791 ]
weights4[ 2.2075138 24.73655    7.486167  27.071424  18.081327   8.192791
  2.415879   8.192791 ]
iteration77
weights0[ 2.244045 25.145903  7.610052 27.071424 18.081327  8.192791  2.415879
  8.192791]
weights1[ 2.244045  25.145903   7.610052  27.5141    18.376995   8.32676
  2.4553838  8.32676  ]
weights2[ 2.2271957 24.957096   7.552912  27.30751   18.376995   8.264239
  2.4369476  8.264239 ]
weights3[ 2.2102103 24.957096   7.495311  27.30751   18.236845   8.201213
  2.4183624  8.201213 ]
weights4[ 2.1921692 24.753382   7.495311  27.08461   18.087984   8.201213
  2.3986223  8.201213 ]
iteration78
weights0[ 2.2277584 25.155247   7.6169953 27.08461   18.087984   8.201213
  2.3986223  8.201213 ]
weights1[ 2.2277584 25.155247   7.6169953 27.51914   18.378178   8.332788
  2.4371045  8.332788 ]
weights2[ 2.2113333 24.969778   7.560836  27.316242  18.378178   8.271351
  2.4191358  8.271351 ]
weights3[ 2.1947758 24.969778   7.504224  27.316242  18.24057    8.209418
  2.4010224  8.209418 ]
weights4[ 2.177198  24.769796   7.504224  27.09747   18.094482   8.209418
  2.3817928  8.209418 ]
iteration79
weights0[ 2.211879  25.16436    7.62376   27.09747   18.094482   8.209418
  2.3817928  8.209418 ]
weights1[ 2.211879  25.16436    7.62376   27.524057  18.37934    8.338657
  2.4192886  8.338657 ]
weights2[ 2.1958635 24.982153   7.5685587 27.324764  18.37934    8.278279
  2.4017713  8.278279 ]
weights3[ 2.1797192 24.982153   7.512913  27.324764  18.244211   8.217416
  2.384113   8.217416 ]
weights4[ 2.1625881 24.785812   7.512913  27.110012  18.100824   8.217416
  2.3653758  8.217416 ]
iteration80
weights0[ 2.1963928 25.173254   7.630352  27.110012  18.100824   8.217416
  2.3653758  8.217416 ]
weights1[ 2.1963928 25.173254   7.630352  27.528856  18.380478   8.344373
  2.4019203  8.344373 ]
weights2[ 2.1807728 24.994232   7.576088  27.333082  18.380478   8.28503
  2.3848388  8.28503  ]
weights3[ 2.1650276 24.994232   7.521388  27.333082  18.24777    8.225212
  2.3676202  8.225212 ]
weights4[ 2.1483278 24.801441   7.521388  27.12225   18.107018   8.225212
  2.3493576  8.225212 ]
iteration81
weights0[ 2.1812866 25.181934   7.6367784 27.12225   18.107018   8.225212
  2.3493576  8.225212 ]
weights1[ 2.1812866 25.181934   7.6367784 27.533537  18.381596   8.349941
  2.3849838  8.349941 ]
weights2[ 2.166049 25.006023  7.583431 27.341198 18.381596  8.291612  2.368323
  8.291612]
weights3[ 2.1506891 25.006023   7.5296555 27.341198  18.25125    8.232815
  2.351529   8.232815 ]
weights4[ 2.1344059 24.816696   7.5296555 27.134192  18.113066   8.232815
  2.333725   8.232815 ]
iteration82
weights0[ 2.1665478 25.190409   7.643044  27.134192  18.113066   8.232815
  2.333725   8.232815 ]
weights1[ 2.1665478 25.190409   7.643044  27.538107  18.382694   8.355368
  2.3684645  8.355368 ]
weights2[ 2.1516795 25.017536   7.5905924 27.349123  18.382694   8.298028
  2.3522105  8.298028 ]
weights3[ 2.1366923 25.017536   7.5377207 27.349123  18.254652   8.240229
  2.3358264  8.240229 ]
weights4[ 2.120811  24.83159    7.5377207 27.145847  18.118973   8.240229
  2.3184652  8.240229 ]
iteration83
weights0[ 2.1521635 25.198683   7.649153  27.145847  18.118973   8.240229
  2.3184652  8.240229 ]
weights1[ 2.1521635 25.198683   7.649153  27.54257   18.383772   8.360655
  2.3523483  8.360655 ]
weights2[ 2.1376526 25.028782   7.597579  27.356865  18.383772   8.304283
  2.3364878  8.304283 ]
weights3[ 2.1230257 25.028782   7.5455923 27.356865  18.25798    8.24746
  2.3205004  8.24746  ]
weights4[ 2.107533  24.846134   7.5455923 27.157228  18.124743   8.24746
  2.3035665  8.24746  ]
iteration84
weights0[ 2.1381228 25.206764   7.655113  27.157228  18.124743   8.24746
  2.3035665  8.24746  ]
weights1[ 2.1381228 25.206764   7.655113  27.546928  18.384829   8.365809
  2.3366222  8.365809 ]
weights2[ 2.1239574 25.039766   7.6043973 27.364428  18.384829   8.310385
  2.321142   8.310385 ]
weights3[ 2.109679  25.039766   7.5532765 27.364428  18.261236   8.254518
  2.305538   8.254518 ]
weights4[ 2.0945616 24.860338   7.5532765 27.168343  18.13038    8.254518
  2.2890172  8.254518 ]
iteration85
weights0[ 2.124414  25.214657   7.6609287 27.168343  18.13038    8.254518
  2.2890172  8.254518 ]
weights1[ 2.124414  25.214657   7.6609287 27.551188  18.385866   8.370836
  2.321273   8.370836 ]
weights2[ 2.110583  25.050497   7.6110525 27.371817  18.385866   8.316339
  2.3061604  8.316339 ]
weights3[ 2.0966418 25.050497   7.5607786 27.371817  18.26442    8.261406
  2.2909274  8.261406 ]
weights4[ 2.0818875 24.874214   7.5607786 27.179197  18.135891   8.261406
  2.2748058  8.261406 ]
iteration86
weights0[ 2.1110268 25.222368   7.666604  27.179197  18.135891   8.261406
  2.2748058  8.261406 ]
weights1[ 2.1110268 25.222368   7.666604  27.555346  18.386885   8.37574
  2.3062882  8.37574  ]
weights2[ 2.0975196 25.060986   7.61755   27.379036  18.386885   8.322148
  2.2915316  8.322148 ]
weights3[ 2.0839047 25.060986   7.5681047 27.379036  18.267536   8.268129
  2.2766573  8.268129 ]
weights4[ 2.0695016 24.887774   7.5681047 27.189802  18.141277   8.268129
  2.260922   8.268129 ]
iteration87
weights0[ 2.0979512 25.229906   7.6721435 27.189802  18.141277   8.268129
  2.260922   8.268129 ]
weights1[ 2.0979512 25.229906   7.6721435 27.559412  18.387884   8.380524
  2.2916563  8.380524 ]
weights2[ 2.0847573 25.071236   7.6238937 27.386093  18.387884   8.327819
  2.277244   8.327819 ]
weights3[ 2.0714586 25.071236   7.5752606 27.386093  18.270586   8.274695
  2.2627175  8.274695 ]
weights4[ 2.057395  24.901022   7.5752606 27.200165  18.146544   8.274695
  2.2473555  8.274695 ]
iteration88
weights0[ 2.085177  25.23727    7.6775527 27.200165  18.146544   8.274695
  2.2473555  8.274695 ]
weights1[ 2.085177  25.23727    7.6775527 27.563385  18.388865   8.385192
  2.2773657  8.385192 ]
weights2[ 2.0722866 25.081255   7.6300907 27.39299   18.388865   8.333356
  2.2632873  8.333356 ]
weights3[ 2.059294 25.081255  7.582252 27.39299  18.273571  8.281108  2.249097
  8.281108]
weights4[ 2.0455594 24.913973   7.582252  27.21029   18.151693   8.281108
  2.2340965  8.281108 ]
iteration89
weights0[ 2.0726948 25.24447    7.6828346 27.21029   18.151693   8.281108
  2.2340965  8.281108 ]
weights1[ 2.0726948 25.24447    7.6828346 27.567266  18.389828   8.38975
  2.263406   8.38975  ]
weights2[ 2.0600984 25.091053   7.636144  27.399733  18.389828   8.338763
  2.2496507  8.338763 ]
weights3[ 2.0474021 25.091053   7.589083  27.399733  18.276493   8.287372
  2.2357862  8.287372 ]
weights4[ 2.0339859 24.926636   7.589083  27.220188  18.15673    8.287372
  2.2211356  8.287372 ]
iteration90
weights0[ 2.0604954 25.25151    7.6879935 27.220188  18.15673    8.287372
  2.2211356  8.287372 ]
weights1[ 2.0604954 25.25151    7.6879935 27.571062  18.390776   8.394197
  2.2497666  8.394197 ]
weights2[ 2.0481842 25.100636   7.6420584 27.406328  18.390776   8.344043
  2.2363245  8.344043 ]
weights3[ 2.0357752 25.100636   7.595759  27.406328  18.279354   8.29349
  2.2227757  8.29349  ]
weights4[ 2.0226672 24.939018   7.595759  27.229864  18.161657   8.29349
  2.2084637  8.29349  ]
iteration91
weights0[ 2.0485702 25.258396   7.693033  27.229864  18.161657   8.29349
  2.2084637  8.29349  ]
weights1[ 2.0485702 25.258396   7.693033  27.574776  18.391705   8.398541
  2.2364376  8.398541 ]
weights2[ 2.0365353 25.110008   7.647838  27.412779  18.391705   8.349201
  2.223299   8.349201 ]
weights3[ 2.024405  25.110008   7.602285  27.412779  18.282156   8.29947
  2.2100563  8.29947  ]
weights4[ 2.0115957 24.951128   7.602285  27.239326  18.166477   8.29947
  2.1960723  8.29947  ]
iteration92
weights0[ 2.036911  25.265131   7.6979575 27.239326  18.166477   8.29947
  2.1960723  8.29947  ]
weights1[ 2.036911  25.265131   7.6979575 27.578407  18.392616   8.402783
  2.2234094  8.402783 ]
weights2[ 2.025144 25.119177  7.653487 27.41909  18.392616  8.354241  2.210565
  8.354241]
weights3[ 2.013284 25.119177  7.608665 27.41909  18.2849    8.305315  2.197619
  8.305315]
weights4[ 2.0007641 24.96297    7.608665  27.248583  18.171194   8.305315
  2.1839528  8.305315 ]
iteration93
weights0[ 2.02551   25.271719   7.7027707 27.248583  18.171194   8.305315
  2.1839528  8.305315 ]
weights1[ 2.02551   25.271719   7.7027707 27.581959  18.393513   8.406928
  2.2106726  8.406928 ]
weights2[ 2.014003  25.128149   7.659011  27.425264  18.393513   8.359168
  2.1981137  8.359168 ]
weights3[ 2.002405  25.128149   7.6149044 27.425264  18.287588   8.311029
  2.1854553  8.311029 ]
weights4[ 1.9901657 24.97456    7.6149044 27.257635  18.17581    8.311029
  2.1720972  8.311029 ]
iteration94
weights0[ 2.0143592 25.278166   7.7074757 27.257635  18.17581    8.311029
  2.1720972  8.311029 ]
weights1[ 2.0143592 25.278166   7.7074757 27.585434  18.394392   8.410977
  2.1982188  8.410977 ]
weights2[ 2.0031044 25.136929   7.6644115 27.431305  18.394392   8.363982
  2.1859367  8.363982 ]
weights3[ 1.9917606 25.136929   7.621007  27.431305  18.290222   8.316616
  2.1735575  8.316616 ]
weights4[ 1.9797935 24.985899   7.621007  27.26649   18.18033    8.316616
  2.1604981  8.316616 ]
iteration95
weights0[ 2.0034516 25.284473   7.7120757 27.26649   18.18033    8.316616
  2.1604981  8.316616 ]
weights1[ 2.0034516 25.284473   7.7120757 27.588835  18.395258   8.414935
  2.1860394  8.414935 ]
weights2[ 1.9924415 25.145521   7.6696935 27.437218  18.395258   8.3686905
  2.174026   8.3686905]
weights3[ 1.9813442 25.145521   7.6269755 27.437218  18.292803   8.32208
  2.1619174  8.32208  ]
weights4[ 1.9696412 24.996996   7.6269755 27.275156  18.184753   8.32208
  2.1491477  8.32208  ]
iteration96
weights0[ 1.9927795 25.290648   7.716573  27.275156  18.184753   8.32208
  2.1491477  8.32208  ]
weights1[ 1.9927795 25.290648   7.716573  27.592161  18.396107   8.418803
  2.1741261  8.418803 ]
weights2[ 1.9820071 25.153934   7.6748595 27.443007  18.396107   8.373294
  2.1623735  8.373294 ]
weights3[ 1.9711494 25.153934   7.6328154 27.443007  18.29533    8.327424
  2.1505277  8.327424 ]
weights4[ 1.9597025 25.007858   7.6328154 27.283638  18.189085   8.327424
  2.138039   8.327424 ]
iteration97
weights0[ 1.9823365 25.296692   7.720972  27.283638  18.189085   8.327424
  2.138039   8.327424 ]
weights1[ 1.9823365 25.296692   7.720972  27.595419  18.396938   8.422585
  2.1624713  8.422585 ]
weights2[ 1.971795 25.16217   7.679914 27.448673 18.396938  8.377795  2.150972
  8.377795]
weights3[ 1.96117   25.16217    7.638531  27.448673  18.297808   8.332652
  2.1393814  8.332652 ]
weights4[ 1.9499716 25.018494   7.638531  27.291939  18.193325   8.332652
  2.1271653  8.332652 ]
iteration98
weights0[ 1.9721158 25.302608   7.725276  27.291939  18.193325   8.332652
  2.1271653  8.332652 ]
weights1[ 1.9721158 25.302608   7.725276  27.598608  18.397757   8.426283
  2.1510675  8.426283 ]
weights2[ 1.9617983 25.170235   7.6848598 27.454222  18.397757   8.382199
  2.139814   8.382199 ]
weights3[ 1.9513993 25.170235   7.6441245 27.454222  18.300236   8.337768
  2.1284714  8.337768 ]
weights4[ 1.9404422 25.028904   7.6441245 27.300066  18.19748    8.337768
  2.11652    8.337768 ]
iteration99
weights0[ 1.9621111 25.308403   7.7294865 27.300066  18.19748    8.337768
  2.11652    8.337768 ]
weights1[ 1.9621111 25.308403   7.7294865 27.601732  18.398561   8.4299
  2.1399074  8.4299   ]
weights2[ 1.9520113 25.178131   7.6897    27.459656  18.398561   8.386508
  2.1288924  8.386508 ]
weights3[ 1.9418318 25.178131   7.6495996 27.459656  18.302616   8.342773
  2.1177905  8.342773 ]
weights4[ 1.9311091 25.039099   7.6495996 27.308025  18.20155    8.342773
  2.106096   8.342773 ]
iteration100
weights0[ 1.9523164 25.314077   7.733607  27.308025  18.20155    8.342773
  2.106096   8.342773 ]
weights1[ 1.9523164 25.314077   7.733607  27.60479   18.399351   8.433437
  2.1289837  8.433437 ]
weights2[ 1.9424284 25.185867   7.694438  27.464977  18.399351   8.390724
  2.118201   8.390724 ]
weights3[ 1.9324622 25.185867   7.6549597 27.464977  18.304949   8.347673
  2.1073332  8.347673 ]
weights4[ 1.9219671 25.049086   7.6549597 27.315817  18.205536   8.347673
  2.0958884  8.347673 ]
iteration101
weights0[ 1.9427259 25.319635   7.737639  27.315817  18.205536   8.347673
  2.0958884  8.347673 ]
weights1[ 1.9427259 25.319635   7.737639  27.607784  18.400127   8.436898
  2.1182904  8.436898 ]
weights2[ 1.9330437 25.193447   7.6990757 27.470192  18.400127   8.39485
  2.1077332  8.39485  ]
weights3[ 1.923285  25.193447   7.660208  27.470192  18.307238   8.352469
  2.0970926  8.352469 ]
weights4[ 1.9130111 25.058867   7.660208  27.32345   18.209442   8.352469
  2.0858903  8.352469 ]
iteration102
weights0[ 1.933334  25.325079   7.7415867 27.32345   18.209442   8.352469
  2.0858903  8.352469 ]
weights1[ 1.933334  25.325079   7.7415867 27.61072   18.40089    8.440285
  2.1078207  8.440285 ]
weights2[ 1.9238518 25.20087    7.7036176 27.4753    18.40089    8.398889
  2.0974827  8.398889 ]
weights3[ 1.9142948 25.20087    7.6653485 27.4753    18.30948    8.357165
  2.087063   8.357165 ]
weights4[ 1.9042358 25.068449   7.6653485 27.330927  18.21327    8.357165
  2.0760963  8.357165 ]
iteration103
weights0[ 1.9241351 25.330414   7.7454515 27.330927  18.21327    8.357165
  2.0760963  8.357165 ]
weights1[ 1.9241351 25.330414   7.7454515 27.613594  18.40164    8.443599
  2.0975683  8.443599 ]
weights2[ 1.9148475 25.208145   7.708065  27.480305  18.40164    8.4028425
  2.0874436  8.4028425]
weights3[ 1.9054866 25.208145   7.6703835 27.480305  18.311682   8.361764
  2.0772388  8.361764 ]
weights4[ 1.8956366 25.077837   7.6703835 27.338251  18.217024   8.361764
  2.066501   8.361764 ]
iteration104
weights0[ 1.9151239 25.33564    7.749236  27.338251  18.217024   8.361764
  2.066501   8.361764 ]
weights1[ 1.9151239 25.33564    7.749236  27.616411  18.402378   8.446842
  2.087527   8.446842 ]
weights2[ 1.9060255 25.215275   7.712421  27.485212  18.402378   8.406713
  2.0776095  8.406713 ]
weights3[ 1.8968554 25.215275   7.6753154 27.485212  18.31384    8.366266
  2.0676138  8.366266 ]
weights4[ 1.8872083 25.087036   7.6753154 27.345428  18.220701   8.366266
  2.0570984  8.366266 ]
iteration105
weights0[ 1.9062953 25.340763   7.752942  27.345428  18.220701   8.366266
  2.0570984  8.366266 ]
weights1[ 1.9062953 25.340763   7.752942  27.619173  18.403101   8.450018
  2.077691   8.450018 ]
weights2[ 1.8973811 25.222265   7.7166877 27.49002   18.403101   8.410504
  2.0679753  8.410504 ]
weights3[ 1.8883965 25.222265   7.680147  27.49002   18.315958   8.370679
  2.058183   8.370679 ]
weights4[ 1.878947 25.096054  7.680147 27.352463 18.224306  8.370679  2.047884
  8.370679]
iteration106
weights0[ 1.8976443 25.345783   7.756572  27.352463  18.224306   8.370679
  2.047884   8.370679 ]
weights1[ 1.8976443 25.345783   7.756572  27.621878  18.40381    8.453128
  2.0680552  8.453128 ]
weights2[ 1.8889093 25.229115   7.7208676 27.494732  18.40381    8.414218
  2.0585358  8.414218 ]
weights3[ 1.8801055 25.229115   7.684882  27.494732  18.318035   8.375001
  2.0489414  8.375001 ]
weights4[ 1.8708484 25.104893   7.684882  27.359356  18.227842   8.375001
  2.038853   8.375001 ]
iteration107
weights0[ 1.8891667 25.350706   7.760128  27.359356  18.227842   8.375001
  2.038853   8.375001 ]
weights1[ 1.8891667 25.350706   7.760128  27.624529  18.40451    8.456173
  2.058614   8.456173 ]
weights2[ 1.8806062 25.235832   7.724964  27.499352  18.40451    8.417855
  2.0492857  8.417855 ]
weights3[ 1.8719782 25.235832   7.6895227 27.499352  18.320072   8.379235
  2.0398839  8.379235 ]
weights4[ 1.8629081 25.11356    7.6895227 27.366112  18.231308   8.379235
  2.0300002  8.379235 ]
iteration108
weights0[ 1.8808573 25.355532   7.763612  27.366112  18.231308   8.379235
  2.0300002  8.379235 ]
weights1[ 1.8808573 25.355532   7.763612  27.627129  18.405197   8.459156
  2.0493622  8.459156 ]
weights2[ 1.8724667 25.242418   7.7289777 27.503881  18.405197   8.421419
  2.0402198  8.421419 ]
weights3[ 1.8640099 25.242418   7.694071  27.503881  18.322073   8.383385
  2.0310054  8.383385 ]
weights4[ 1.8551217 25.122055   7.694071  27.372736  18.234709   8.383385
  2.021321   8.383385 ]
iteration109
weights0[ 1.872712 25.360262  7.767026 27.372736 18.234709  8.383385  2.021321
  8.383385]
weights1[ 1.872712  25.360262   7.767026  27.629677  18.405874   8.462077
  2.0402946  8.462077 ]
weights2[ 1.8644868 25.248877   7.732912  27.508324  18.405874   8.424911
  2.0313334  8.424911 ]
weights3[ 1.8561966 25.248877   7.6985292 27.508324  18.324036   8.38745
  2.0223014  8.38745  ]
weights4[ 1.8474858 25.130386   7.6985292 27.37923   18.238043   8.38745
  2.012811   8.38745  ]
iteration110
weights0[ 1.8647264 25.364902   7.7703714 27.37923   18.238043   8.38745
  2.012811   8.38745  ]
weights1[ 1.8647264 25.364902   7.7703714 27.632177  18.406538   8.464939
  2.0314066  8.464939 ]
weights2[ 1.8566624 25.25521    7.7367682 27.512682  18.406538   8.428332
  2.0226219  8.428332 ]
weights3[ 1.8485347 25.25521    7.7029    27.512682  18.325962   8.391437
  2.0137677  8.391437 ]
weights4[ 1.8399963 25.138557   7.7029    27.385601  18.241314   8.391437
  2.004466   8.391437 ]
iteration111
weights0[ 1.8568965 25.369453   7.7736506 27.385601  18.241314   8.391437
  2.004466   8.391437 ]
weights1[ 1.8568965 25.369453   7.7736506 27.63463   18.40719    8.467744
  2.0226934  8.467744 ]
weights2[ 1.8489895 25.261425   7.7405486 27.516956  18.40719    8.431686
  2.0140803  8.431686 ]
weights3[ 1.8410201 25.261425   7.7071857 27.516956  18.327852   8.395345
  2.0053992  8.395345 ]
weights4[ 1.8326497 25.14657    7.7071857 27.391848  18.244522   8.395345
  1.9962814  8.395345 ]
iteration112
weights0[ 1.8492184 25.373917   7.776865  27.391848  18.244522   8.395345
  1.9962814  8.395345 ]
weights1[ 1.8492184 25.373917   7.776865  27.637035  18.407831   8.470492
  2.0141504  8.470492 ]
weights2[ 1.8414643 25.267519   7.744255  27.521149  18.407831   8.434974
  2.0057046  8.434974 ]
weights3[ 1.8336492 25.267519   7.7113886 27.521149  18.329708   8.399176
  1.9971925  8.399176 ]
weights4[ 1.8254424 25.15443    7.7113886 27.397974  18.247671   8.399176
  1.9882538  8.399176 ]
iteration113
weights0[ 1.8416882 25.378294   7.780017  27.397974  18.247671   8.399176
  1.9882538  8.399176 ]
weights1[ 1.8416882 25.378294   7.780017  27.639393  18.408463   8.473186
  2.0057735  8.473186 ]
weights2[ 1.8340832 25.273499   7.7478905 27.52526   18.408463   8.438197
  1.997491   8.438197 ]
weights3[ 1.8264183 25.273499   7.715511  27.52526   18.331532   8.402933
  1.9891433  8.402933 ]
weights4[ 1.8183709 25.162142   7.715511  27.403984  18.250761   8.402933
  1.980379   8.402933 ]
iteration114
weights0[ 1.834302  25.382591   7.7831073 27.403984  18.250761   8.402933
  1.980379   8.402933 ]
weights1[ 1.834302  25.382591   7.7831073 27.641706  18.409082   8.475826
  1.9975582  8.475826 ]
weights2[ 1.8268423 25.279367   7.7514553 27.529295  18.409082   8.441358
  1.9894347  8.441358 ]
weights3[ 1.8193239 25.279367   7.7195544 27.529295  18.33332    8.406617
  1.9812472  8.406617 ]
weights4[ 1.811432  25.16971    7.7195544 27.409878  18.253794   8.406617
  1.9726529  8.406617 ]
iteration115
weights0[ 1.8270562 25.386806   7.7861376 27.409878  18.253794   8.406617
  1.9726529  8.406617 ]
weights1[ 1.8270562 25.386806   7.7861376 27.643976  18.409693   8.4784155
  1.9895006  8.4784155]
weights2[ 1.8197383 25.285126   7.754952  27.533255  18.409693   8.444457
  1.9815321  8.444457 ]
weights3[ 1.8123628 25.285126   7.7235208 27.533255  18.335077   8.410231
  1.9735008  8.410231 ]
weights4[ 1.8046224 25.177135   7.7235208 27.415663  18.256771   8.410231
  1.9650723  8.410231 ]
iteration116
weights0[ 1.8199475 25.390944   7.7891097 27.415663  18.256771   8.410231
  1.9650723  8.410231 ]
weights1[ 1.8199475 25.390944   7.7891097 27.646204  18.410294   8.480953
  1.9815967  8.480953 ]
weights2[ 1.8127679 25.290777   7.758382  27.53714   18.410294   8.447496
  1.9737793  8.447496 ]
weights3[ 1.8055316 25.290777   7.7274117 27.53714   18.336803   8.413775
  1.9659003  8.413775 ]
weights4[ 1.797939  25.184423   7.7274117 27.421339  18.259693   8.413775
  1.9576333  8.413775 ]
iteration117
weights0[ 1.8129724 25.395002   7.7920246 27.421339  18.259693   8.413775
  1.9576333  8.413775 ]
weights1[ 1.8129724 25.395002   7.7920246 27.64839   18.410885   8.483442
  1.9738426  8.483442 ]
weights2[ 1.8059276 25.296324   7.761747  27.540955  18.410885   8.450478
  1.9661727  8.450478 ]
weights3[ 1.7988272 25.296324   7.73123   27.540955  18.338497   8.417253
  1.9584422  8.417253 ]
weights4[ 1.7913785 25.191574   7.73123   27.42691   18.26256    8.417253
  1.9503325  8.417253 ]
iteration118
weights0[ 1.8061278 25.398987   7.7948847 27.42691   18.26256    8.417253
  1.9503325  8.417253 ]
weights1[ 1.8061278 25.398987   7.7948847 27.650536  18.411465   8.485883
  1.9662346  8.485883 ]
weights2[ 1.7992146 25.30177    7.7650485 27.544699  18.411465   8.453402
  1.9587085  8.453402 ]
weights3[ 1.7922468 25.30177    7.734977  27.544699  18.340162   8.420664
  1.951123   8.420664 ]
weights4[ 1.7849385 25.198595   7.734977  27.432379  18.265375   8.420664
  1.9431669  8.420664 ]
iteration119
weights0[ 1.7994103 25.402899   7.7976904 27.432379  18.265375   8.420664
  1.9431669  8.420664 ]
weights1[ 1.7994103 25.402899   7.7976904 27.652643  18.412035   8.4882765
  1.9587692  8.4882765]
weights2[ 1.7926254 25.307114   7.768288  27.548376  18.412035   8.45627
  1.9513835  8.45627  ]
weights3[ 1.785787  25.307114   7.738654  27.548376  18.341799   8.424012
  1.9439394  8.424012 ]
weights4[ 1.7786156 25.205484   7.738654  27.437746  18.26814    8.424012
  1.9361329  8.424012 ]
iteration120
weights0[ 1.792817  25.406738   7.8004436 27.437746  18.26814    8.424012
  1.9361329  8.424012 ]
weights1[ 1.792817  25.406738   7.8004436 27.65471   18.412596   8.490625
  1.951443   8.490625 ]
weights2[ 1.7861574 25.312363   7.771468  27.551985  18.412596   8.459086
  1.9441941  8.459086 ]
weights3[ 1.7794452 25.312363   7.742264  27.551985  18.343403   8.427299
  1.936888   8.427299 ]
weights4[ 1.7724074 25.212252   7.742264  27.443016  18.270855   8.427299
  1.9292276  8.427299 ]
iteration121
weights0[ 1.7863449 25.41051    7.8031454 27.443016  18.270855   8.427299
  1.9292276  8.427299 ]
weights1[ 1.7863449 25.41051    7.8031454 27.65674   18.413147   8.492929
  1.9442523  8.492929 ]
weights2[ 1.7798076 25.317516   7.774589  27.555527  18.413147   8.461848
  1.937137   8.461848 ]
weights3[ 1.7732188 25.317516   7.7458076 27.555527  18.344982   8.430523
  1.9299657  8.430523 ]
weights4[ 1.7663114 25.218895   7.7458076 27.448189  18.273521   8.430523
  1.9224478  8.430523 ]
iteration122
weights0[ 1.7799911 25.414211   7.8057976 27.448189  18.273521   8.430523
  1.9224478  8.430523 ]
weights1[ 1.7799911 25.414211   7.8057976 27.658733  18.41369    8.495191
  1.9371942  8.495191 ]
weights2[ 1.7735732 25.322577   7.7776527 27.559006  18.41369    8.46456
  1.9302094  8.46456  ]
weights3[ 1.7671046 25.322577   7.749286  27.559006  18.346533   8.433687
  1.9231695  8.433687 ]
weights4[ 1.7603246 25.225418   7.749286  27.453268  18.27614    8.433687
  1.9157907  8.433687 ]
iteration123
weights0[ 1.7737529 25.417847   7.8084006 27.453268  18.27614    8.433687
  1.9157907  8.433687 ]
weights1[ 1.7737529 25.417847   7.8084006 27.660692  18.414227   8.497408
  1.9302655  8.497408 ]
weights2[ 1.7674515 25.327547   7.7806606 27.562424  18.414227   8.46722
  1.923408   8.46722  ]
weights3[ 1.7611003 25.327547   7.7527018 27.562424  18.348057   8.436794
  1.9164964  8.436794 ]
weights4[ 1.7544445 25.231825   7.7527018 27.458256  18.278713   8.436794
  1.9092532  8.436794 ]
iteration124
weights0[ 1.7676274 25.421417   7.8109555 27.458256  18.278713   8.436794
  1.9092532  8.436794 ]
weights1[ 1.7676274 25.421417   7.8109555 27.662615  18.414753   8.499585
  1.9234629  8.499585 ]
weights2[ 1.7614397 25.33243    7.783613  27.56578   18.414753   8.469832
  1.9167297  8.469832 ]
weights3[ 1.7552032 25.33243    7.756055  27.56578   18.349554   8.439844
  1.9099435  8.439844 ]
weights4[ 1.7486687 25.238117   7.756055  27.463154  18.281239   8.439844
  1.9028327  8.439844 ]
iteration125
weights0[ 1.7616119 25.424925   7.8134637 27.463154  18.281239   8.439844
  1.9028327  8.439844 ]
weights1[ 1.7616119 25.424925   7.8134637 27.664503  18.41527    8.501721
  1.9167836  8.501721 ]
weights2[ 1.7555355 25.337225   7.7865124 27.569078  18.41527    8.472396
  1.9101719  8.472396 ]
weights3[ 1.7494111 25.337225   7.7593484 27.569078  18.351027   8.44284
  1.9035081  8.44284  ]
weights4[ 1.7429949 25.244297   7.7593484 27.467966  18.283722   8.44284
  1.8965267  8.44284  ]
iteration126
weights0[ 1.7557042 25.42837    7.8159266 27.467966  18.283722   8.44284
  1.8965267  8.44284  ]
weights1[ 1.7557042 25.42837    7.8159266 27.666357  18.41578    8.503819
  1.9102247  8.503819 ]
weights2[ 1.7497364 25.341936   7.7893596 27.572317  18.41578    8.474915
  1.9037317  8.474915 ]
weights3[ 1.7437215 25.341936   7.762583  27.572317  18.352472   8.445781
  1.8971875  8.445781 ]
weights4[ 1.737421  25.25037    7.762583  27.472692  18.286161   8.445781
  1.8903325  8.445781 ]
iteration127
weights0[ 1.7499017 25.431753   7.8183446 27.472692  18.286161   8.445781
  1.8903325  8.445781 ]
weights1[ 1.7499017 25.431753   7.8183446 27.66818   18.41628    8.505878
  1.9037834  8.505878 ]
weights2[ 1.74404   25.346563   7.7921553 27.5755    18.41628    8.477386
  1.8974063  8.477386 ]
weights3[ 1.7381321 25.346563   7.7657595 27.5755    18.353895   8.448669
  1.8909788  8.448669 ]
weights4[ 1.7319446 25.256332   7.7657595 27.477335  18.288557   8.448669
  1.8842472  8.448669 ]
iteration128
weights0[ 1.744202  25.435078   7.8207197 27.477335  18.288557   8.448669
  1.8842472  8.448669 ]
weights1[ 1.744202  25.435078   7.8207197 27.66997   18.416773   8.5079
  1.897457   8.5079   ]
weights2[ 1.7384441 25.351112   7.794902  27.578627  18.416773   8.479815
  1.8911932  8.479815 ]
weights3[ 1.7326407 25.351112   7.7688804 27.578627  18.355293   8.451507
  1.8848798  8.451507 ]
weights4[ 1.7265636 25.262194   7.7688804 27.481895  18.290913   8.451507
  1.8782687  8.451507 ]
iteration129
weights0[ 1.7386028 25.438345   7.8230524 27.481895  18.290913   8.451507
  1.8782687  8.451507 ]
weights1[ 1.7386028 25.438345   7.8230524 27.671728  18.417257   8.509886
  1.891243   8.509886 ]
weights2[ 1.7329462 25.355581   7.7976    27.581697  18.417257   8.482199
  1.8850898  8.482199 ]
weights3[ 1.727245  25.355581   7.7719464 27.581697  18.356667   8.454293
  1.878888   8.454293 ]
weights4[ 1.7212757 25.267954   7.7719464 27.486378  18.293226   8.454293
  1.8723947  8.454293 ]
iteration130
weights0[ 1.7331016 25.441555   7.825343  27.486378  18.293226   8.454293
  1.8723947  8.454293 ]
weights1[ 1.7331016 25.441555   7.825343  27.673456  18.417734   8.511835
  1.8851386  8.511835 ]
weights2[ 1.7275441 25.359972   7.8002496 27.584717  18.417734   8.48454
  1.8790936  8.48454  ]
weights3[ 1.7219428 25.359972   7.7749586 27.584717  18.358019   8.45703
  1.8730011  8.45703  ]
weights4[ 1.7160789 25.273611   7.7749586 27.49078   18.295504   8.45703
  1.8666228  8.45703  ]
iteration131
weights0[ 1.7276964 25.44471    7.827594  27.49078   18.295504   8.45703
  1.8666228  8.45703  ]
weights1[ 1.7276964 25.44471    7.827594  27.675154  18.418207   8.513749
  1.8791417  8.513749 ]
weights2[ 1.7222358 25.364288   7.8028536 27.587683  18.418207   8.48684
  1.8732024  8.48684  ]
weights3[ 1.716732  25.364288   7.777918  27.587683  18.359348   8.459719
  1.8672162  8.459719 ]
weights4[ 1.7109712 25.279173   7.777918  27.495108  18.29774    8.459719
  1.8609505  8.459719 ]
iteration132
weights0[ 1.7223852 25.447811   7.8298044 27.495108  18.29774    8.459719
  1.8609505  8.459719 ]
weights1[ 1.7223852 25.447811   7.8298044 27.676823  18.41867    8.515629
  1.8732494  8.515629 ]
weights2[ 1.7170193 25.368532   7.805412  27.5906    18.41867    8.4890995
  1.8674135  8.4890995]
weights3[ 1.711611  25.368532   7.780826  27.5906    18.360655   8.46236
  1.8615315  8.46236  ]
weights4[ 1.7059509 25.284641   7.780826  27.49936   18.299938   8.46236
  1.8553756  8.46236  ]
iteration133
weights0[ 1.7171655 25.45086    7.831976  27.49936   18.299938   8.46236
  1.8553756  8.46236  ]
weights1[ 1.7171655 25.45086    7.831976  27.678463  18.419127   8.517476
  1.8674598  8.517476 ]
weights2[ 1.7118922 25.372702   7.8079247 27.593466  18.419127   8.49132
  1.861725   8.49132  ]
weights3[ 1.7065773 25.372702   7.7836833 27.593466  18.36194    8.464956
  1.8559449  8.464956 ]
weights4[ 1.7010156 25.290012   7.7836833 27.50354   18.3021     8.464956
  1.8498964  8.464956 ]
iteration134
weights0[ 1.7120357 25.453854   7.8341103 27.50354   18.3021     8.464956
  1.8498964  8.464956 ]
weights1[ 1.7120357 25.453854   7.8341103 27.680077  18.419575   8.51929
  1.8617703  8.51929  ]
weights2[ 1.706853  25.3768     7.8103952 27.596285  18.419575   8.493501
  1.8561344  8.493501 ]
weights3[ 1.7016294 25.3768     7.786493  27.596285  18.363205   8.467507
  1.850454   8.467507 ]
weights4[ 1.696164  25.295294   7.786493  27.507648  18.304224   8.467507
  1.8445106  8.467507 ]
iteration135
weights0[ 1.7069936 25.456799   7.836208  27.507648  18.304224   8.467507
  1.8445106  8.467507 ]
weights1[ 1.7069936 25.456799   7.836208  27.68166   18.420015   8.521072
  1.8561789  8.521072 ]
weights2[ 1.7018996 25.380833   7.8128233 27.599054  18.420015   8.495645
  1.8506398  8.495645 ]
weights3[ 1.6967654 25.380833   7.7892537 27.599054  18.364447   8.470016
  1.8450569  8.470016 ]
weights4[ 1.6913942 25.300488   7.7892537 27.511686  18.306313   8.470016
  1.8392162  8.470016 ]
iteration136
weights0[ 1.7020376 25.459694   7.8382688 27.511686  18.306313   8.470016
  1.8392162  8.470016 ]
weights1[ 1.7020376 25.459694   7.8382688 27.683218  18.42045    8.522824
  1.8506835  8.522824 ]
weights2[ 1.6970303 25.384794   7.8152094 27.601776  18.42045    8.497751
  1.8452389  8.497751 ]
weights3[ 1.6919835 25.384794   7.7919674 27.601776  18.36567    8.47248
  1.8397514  8.47248  ]
weights4[ 1.6867044 25.305592   7.7919674 27.515657  18.308367   8.47248
  1.8340112  8.47248  ]
iteration137
weights0[ 1.6971656 25.46254    7.8402944 27.515657  18.308367   8.47248
  1.8340112  8.47248  ]
weights1[ 1.6971656 25.46254    7.8402944 27.68475   18.420877   8.524546
  1.8452817  8.524546 ]
weights2[ 1.6922432 25.388689   7.817555  27.604454  18.420877   8.499822
  1.8399298  8.499822 ]
weights3[ 1.687282  25.388689   7.794636  27.604454  18.36687    8.474902
  1.8345356  8.474902 ]
weights4[ 1.682093  25.31061    7.794636  27.519562  18.310387   8.474902
  1.8288938  8.474902 ]
iteration138
weights0[ 1.692376  25.465338   7.8422856 27.519562  18.310387   8.474902
  1.8288938  8.474902 ]
weights1[ 1.692376  25.465338   7.8422856 27.686256  18.421299   8.5262375
  1.8399719  8.5262375]
weights2[ 1.6875367 25.392519   7.8198605 27.607088  18.421299   8.501857
  1.8347105  8.501857 ]
weights3[ 1.6826591 25.392519   7.797258  27.607088  18.368055   8.4772835
  1.8294075  8.4772835]
weights4[ 1.6775583 25.315544   7.797258  27.5234    18.312374   8.4772835
  1.8238618  8.4772835]
iteration139
weights0[ 1.6876669 25.46809    7.8442426 27.5234    18.312374   8.4772835
  1.8238618  8.4772835]
weights1[ 1.6876669 25.46809    7.8442426 27.687737  18.421713   8.5279
  1.8347517  8.5279   ]
weights2[ 1.6829089 25.396288   7.8221273 27.609676  18.421713   8.503857
  1.829579   8.503857 ]
weights3[ 1.6781132 25.396288   7.799837  27.609676  18.369219   8.479624
  1.8243654  8.479624 ]
weights4[ 1.6730987 25.320398   7.799837  27.527174  18.314327   8.479624
  1.8189138  8.479624 ]
iteration140
weights0[ 1.6830366 25.470797   7.8461666 27.527174  18.314327   8.479624
  1.8189138  8.479624 ]
weights1[ 1.6830366 25.470797   7.8461666 27.689194  18.422121   8.529533
  1.8296195  8.529533 ]
weights2[ 1.6783581 25.399994   7.824356  27.612223  18.422121   8.505823
  1.8245336  8.505823 ]
weights3[ 1.6736426 25.399994   7.802373  27.612223  18.370363   8.481926
  1.8194075  8.481926 ]
weights4[ 1.6687125 25.325172   7.802373  27.530886  18.31625    8.481926
  1.814048   8.481926 ]
iteration141
weights0[ 1.6784832 25.47346    7.848058  27.530886  18.31625    8.481926
  1.814048   8.481926 ]
weights1[ 1.6784832 25.47346    7.848058  27.690624  18.422523   8.531139
  1.8245734  8.531139 ]
weights2[ 1.6738827 25.403639   7.826547  27.614727  18.422523   8.507756
  1.8195724  8.507756 ]
weights3[ 1.6692457 25.403639   7.8048663 27.614727  18.37149    8.484188
  1.8145319  8.484188 ]
weights4[ 1.6643983 25.329866   7.8048663 27.534534  18.31814    8.484188
  1.8092625  8.484188 ]
iteration142
weights0[ 1.6740056 25.476076   7.849918  27.534534  18.31814    8.484188
  1.8092625  8.484188 ]
weights1[ 1.6740056 25.476076   7.849918  27.692032  18.42292    8.532718
  1.8196115  8.532718 ]
weights2[ 1.6694814 25.407223   7.8287024 27.61719   18.42292    8.509657
  1.8146938  8.509657 ]
weights3[ 1.6649213 25.407223   7.8073187 27.61719   18.372599   8.486413
  1.809737   8.486413 ]
weights4[ 1.6601548 25.334484   7.8073187 27.538124  18.32       8.486413
  1.8045559  8.486413 ]
iteration143
weights0[ 1.669602  25.478651   7.8517466 27.538124  18.32       8.486413
  1.8045559  8.486413 ]
weights1[ 1.669602  25.478651   7.8517466 27.693419  18.423311   8.53427
  1.8147322  8.53427  ]
weights2[ 1.6651524 25.41075    7.830821  27.619614  18.423311   8.511526
  1.8098958  8.511526 ]
weights3[ 1.6606675 25.41075    7.8097296 27.619614  18.37369    8.488601
  1.8050209  8.488601 ]
weights4[ 1.6559802 25.339025   7.8097296 27.541656  18.321829   8.488601
  1.7999262  8.488601 ]
iteration144
weights0[ 1.6652708 25.481184   7.853544  27.541656  18.321829   8.488601
  1.7999262  8.488601 ]
weights1[ 1.6652708 25.481184   7.853544  27.694782  18.423695   8.535795
  1.8099333  8.535795 ]
weights2[ 1.6608944 25.414219   7.832905  27.622     18.423695   8.513363
  1.8051767  8.513363 ]
weights3[ 1.6564833 25.414219   7.812102  27.622     18.374763   8.490752
  1.8003824  8.490752 ]
weights4[ 1.6518735 25.343494   7.812102  27.54513   18.323627   8.490752
  1.7953721  8.490752 ]
iteration145
weights0[ 1.6610105 25.483677   7.855313  27.54513   18.323627   8.490752
  1.7953721  8.490752 ]
weights1[ 1.6610105 25.483677   7.855313  27.696123  18.424072   8.537295
  1.8052138  8.537295 ]
weights2[ 1.6567057 25.417631   7.8349543 27.624344  18.424072   8.515169
  1.8005353  8.515169 ]
weights3[ 1.6523669 25.417631   7.814435  27.624344  18.37582    8.492868
  1.7958199  8.492868 ]
weights4[ 1.647833  25.347889   7.814435  27.548546  18.3254     8.492868
  1.7908924  8.492868 ]
iteration146
weights0[ 1.6568197 25.486128   7.8570523 27.548546  18.3254     8.492868
  1.7908924  8.492868 ]
weights1[ 1.6568197 25.486128   7.8570523 27.697441  18.424444   8.538771
  1.8005718  8.538771 ]
weights2[ 1.6525851 25.42099    7.836971  27.62665   18.424444   8.516947
  1.7959698  8.516947 ]
weights3[ 1.6483171 25.42099    7.8167305 27.62665   18.37686    8.49495
  1.7913314  8.49495  ]
weights4[ 1.6438577 25.352215   7.8167305 27.551908  18.327143   8.49495
  1.7864851  8.49495  ]
iteration147
weights0[ 1.6526971 25.48854    7.8587627 27.551908  18.327143   8.49495
  1.7864851  8.49495  ]
weights1[ 1.6526971 25.48854    7.8587627 27.698738  18.424812   8.540222
  1.7960056  8.540222 ]
weights2[ 1.6485312 25.424294   7.8389535 27.62892   18.424812   8.518696
  1.7914785  8.518696 ]
weights3[ 1.6443323 25.424294   7.8189874 27.62892   18.377884   8.496999
  1.7869155  8.496999 ]
weights4[ 1.6399457 25.35647    7.8189874 27.555214  18.328857   8.496999
  1.7821486  8.496999 ]
iteration148
weights0[ 1.648641  25.490913   7.860445  27.555214  18.328857   8.496999
  1.7821486  8.496999 ]
weights1[ 1.648641  25.490913   7.860445  27.700014  18.425173   8.54165
  1.7915136  8.54165  ]
weights2[ 1.6445426 25.427544   7.840904  27.631153  18.425173   8.520415
  1.7870599  8.520415 ]
weights3[ 1.6404117 25.427544   7.821209  27.631153  18.378891   8.499013
  1.7825711  8.499013 ]
weights4[ 1.6360966 25.360657   7.821209  27.55847   18.330545   8.499013
  1.777882   8.499013 ]
iteration149
weights0[ 1.6446506 25.49325    7.8621    27.55847   18.330545   8.499013
  1.777882   8.499013 ]
weights1[ 1.6446506 25.49325    7.8621    27.701271  18.42553    8.543053
  1.7870945  8.543053 ]
weights2[ 1.6406182 25.430744   7.8428235 27.633352  18.42553    8.522106
  1.7827128  8.522106 ]
weights3[ 1.6365539 25.430744   7.8233943 27.633352  18.379883   8.500994
  1.7782965  8.500994 ]
weights4[ 1.6323086 25.364777   7.8233943 27.56167   18.332205   8.500994
  1.7736835  8.500994 ]
iteration150
weights0[ 1.6407242 25.495546   7.8637285 27.56167   18.332205   8.500994
  1.7736835  8.500994 ]
weights1[ 1.6407242 25.495546   7.8637285 27.702507  18.42588    8.544433
  1.7827469  8.544433 ]
weights2[ 1.6367565 25.433891   7.8447123 27.635515  18.42588    8.52377
  1.7784358  8.52377  ]
weights3[ 1.6327574 25.433891   7.825545  27.635515  18.38086    8.502944
  1.7740905  8.502944 ]
weights4[ 1.6285807 25.36883    7.825545  27.564821  18.33384    8.502944
  1.7695524  8.502944 ]
iteration151
weights0[ 1.6368606 25.497808   7.865331  27.564821  18.33384    8.502944
  1.7695524  8.502944 ]
weights1[ 1.6368606 25.497808   7.865331  27.703724  18.426226   8.545791
  1.7784693  8.545791 ]
weights2[ 1.6329563 25.43699    7.8465705 27.637644  18.426226   8.525407
  1.7742273  8.525407 ]
weights3[ 1.629021  25.43699    7.8276615 27.637644  18.38182    8.504862
  1.7699516  8.504862 ]
weights4[ 1.6249115 25.372822   7.8276615 27.567923  18.33545    8.504862
  1.7654866  8.504862 ]
iteration152
weights0[ 1.6330584 25.500034   7.866907  27.567923  18.33545    8.504862
  1.7654866  8.504862 ]
weights1[ 1.6330584 25.500034   7.866907  27.70492   18.426567   8.547127
  1.7742602  8.547127 ]
weights2[ 1.6292163 25.44004    7.8483987 27.639738  18.426567   8.527018
  1.7700858  8.527018 ]
weights3[ 1.6253438 25.44004    7.8297434 27.639738  18.382769   8.506749
  1.7658784  8.506749 ]
weights4[ 1.6213001 25.376749   7.8297434 27.570974  18.337034   8.506749
  1.7614851  8.506749 ]
iteration153
weights0[ 1.6293167 25.502226   7.868458  27.570974  18.337034   8.506749
  1.7614851  8.506749 ]
weights1[ 1.6293167 25.502226   7.868458  27.706099  18.426903   8.54844
  1.770118   8.54844  ]
weights2[ 1.6255356 25.443043   7.850198  27.641802  18.426903   8.528602
  1.7660102  8.528602 ]
weights3[ 1.6217245 25.443043   7.831793  27.641802  18.383701   8.508606
  1.7618697  8.508606 ]
weights4[ 1.6177453 25.380613   7.831793  27.573977  18.338593   8.508606
  1.7575465  8.508606 ]
iteration154
weights0[ 1.6256342 25.504381   7.8699846 27.573977  18.338593   8.508606
  1.7575465  8.508606 ]
weights1[ 1.6256342 25.504381   7.8699846 27.707258  18.427235   8.549733
  1.7660419  8.549733 ]
weights2[ 1.6219128 25.445997   7.851969  27.643831  18.427235   8.530161
  1.7619991  8.530161 ]
weights3[ 1.6181619 25.445997   7.83381   27.643831  18.384619   8.510433
  1.7579242  8.510433 ]
weights4[ 1.614246  25.384418   7.83381   27.576933  18.340128   8.510433
  1.7536701  8.510433 ]
iteration155
weights0[ 1.6220096 25.506504   7.871486  27.576933  18.340128   8.510433
  1.7536701  8.510433 ]
weights1[ 1.6220096 25.506504   7.871486  27.708399  18.42756    8.551004
  1.7620304  8.551004 ]
weights2[ 1.6183469 25.448908   7.8537116 27.64583   18.42756    8.531695
  1.7580515  8.531695 ]
weights3[ 1.614655 25.448908  7.835795 27.64583  18.385523  8.512232  1.754041
  8.512232]
weights4[ 1.6108011 25.388165   7.835795  27.579844  18.341639   8.512232
  1.7498543  8.512232 ]
iteration156
weights0[ 1.6184419 25.508595   7.8729644 27.579844  18.341639   8.512232
  1.7498543  8.512232 ]
weights1[ 1.6184419 25.508595   7.8729644 27.709524  18.427881   8.552257
  1.7580822  8.552257 ]
weights2[ 1.6148367 25.45177    7.8554263 27.647799  18.427881   8.533205
  1.7541658  8.533205 ]
weights3[ 1.6112028 25.45177    7.837749  27.647799  18.386412   8.514003
  1.7502183  8.514003 ]
weights4[ 1.6074097 25.391851   7.837749  27.582708  18.343126   8.514003
  1.7460978  8.514003 ]
iteration157
weights0[ 1.6149302 25.51065    7.874419  27.582708  18.343126   8.514003
  1.7460978  8.514003 ]
weights1[ 1.6149302 25.51065    7.874419  27.71063   18.428198   8.553489
  1.7541958  8.553489 ]
weights2[ 1.6113813 25.45459    7.857115  27.649734  18.428198   8.534692
  1.7503408  8.534692 ]
weights3[ 1.6078042 25.45459    7.8396726 27.649734  18.38729    8.515745
  1.7464552  8.515745 ]
weights4[ 1.6040707 25.395481   7.8396726 27.58553   18.344591   8.515745
  1.7423997  8.515745 ]
iteration158
weights0[ 1.6114731 25.512676   7.875851  27.58553   18.344591   8.515745
  1.7423997  8.515745 ]
weights1[ 1.6114731 25.512676   7.875851  27.71172   18.428509   8.554701
  1.7503704  8.554701 ]
weights2[ 1.6079794 25.457365   7.8587766 27.651642  18.428509   8.536155
  1.7465756  8.536155 ]
weights3[ 1.6044581 25.457365   7.841566  27.651642  18.388151   8.517461
  1.7427506  8.517461 ]
weights4[ 1.6007831 25.399055   7.841566  27.588306  18.346033   8.517461
  1.7387589  8.517461 ]
iteration159
weights0[ 1.6080698 25.51467    7.87726   27.588306  18.346033   8.517461
  1.7387589  8.517461 ]
weights1[ 1.6080698 25.51467    7.87726   27.712791  18.428816   8.555894
  1.7466047  8.555894 ]
weights2[ 1.6046305 25.460098   7.860412  27.653519  18.428816   8.537595
  1.742869   8.537595 ]
weights3[ 1.6011637 25.460098   7.84343   27.653519  18.389002   8.51915
  1.7391037  8.51915  ]
weights4[ 1.5975461 25.402575   7.84343   27.591038  18.347454   8.51915
  1.7351744  8.51915  ]
iteration160
weights0[ 1.6047192 25.516634   7.8786473 27.591038  18.347454   8.51915
  1.7351744  8.51915  ]
weights1[ 1.6047192 25.516634   7.8786473 27.713846  18.42912    8.557069
  1.7428977  8.557069 ]
weights2[ 1.601333  25.462791   7.8620224 27.655367  18.42912    8.539012
  1.73922    8.539012 ]
weights3[ 1.59792   25.462791   7.8452654 27.655367  18.38984    8.520812
  1.7355131  8.520812 ]
weights4[ 1.5943586 25.40604    7.8452654 27.593729  18.348852   8.520812
  1.731645   8.520812 ]
iteration161
weights0[ 1.6014202 25.518566   7.880013  27.593729  18.348852   8.520812
  1.731645   8.520812 ]
weights1[ 1.6014202 25.518566   7.880013  27.714886  18.429417   8.558225
  1.7392482  8.558225 ]
weights2[ 1.5980862 25.46544    7.863608  27.657187  18.429417   8.540408
  1.7356273  8.540408 ]
weights3[ 1.5947257 25.46544    7.847072  27.657187  18.390663   8.5224495
  1.7319776  8.5224495]
weights4[ 1.5912195 25.409452   7.847072  27.59638   18.35023    8.5224495
  1.7281697  8.5224495]
iteration162
weights0[ 1.5981718 25.520472   7.881357  27.59638   18.35023    8.5224495
  1.7281697  8.5224495]
weights1[ 1.5981718 25.520472   7.881357  27.71591   18.42971    8.559363
  1.735655   8.559363 ]
weights2[ 1.594889  25.46805    7.8651686 27.65898   18.42971    8.541781
  1.7320898  8.541781 ]
weights3[ 1.5915803 25.46805    7.848851  27.65898   18.391476   8.52406
  1.7284963  8.52406  ]
weights4[ 1.5881283 25.412811   7.848851  27.59899   18.351585   8.52406
  1.7247473  8.52406  ]
iteration163
weights0[ 1.5949734 25.522345   7.8826814 27.59899   18.351585   8.52406
  1.7247473  8.52406  ]
weights1[ 1.5949734 25.522345   7.8826814 27.716917  18.43       8.560483
  1.7321169  8.560483 ]
weights2[ 1.5917411 25.470621   7.866706  27.660746  18.43       8.543134
  1.7286066  8.543134 ]
weights3[ 1.588483  25.470621   7.8506036 27.660746  18.392277   8.525647
  1.7250683  8.525647 ]
weights4[ 1.5850841 25.41612    7.8506036 27.601559  18.352922   8.525647
  1.7213771  8.525647 ]
iteration164
weights0[ 1.5918239 25.52419    7.8839846 27.601559  18.352922   8.525647
  1.7213771  8.525647 ]
weights1[ 1.5918239 25.52419    7.8839846 27.717909  18.430286   8.561585
  1.7286333  8.561585 ]
weights2[ 1.5886409 25.473152   7.8682194 27.662483  18.430286   8.544465
  1.7251767  8.544465 ]
weights3[ 1.5854325 25.473152   7.852329  27.662483  18.393064   8.527208
  1.7216926  8.527208 ]
weights4[ 1.5820858 25.41938    7.852329  27.60409   18.354239   8.527208
  1.7180582  8.527208 ]
iteration165
weights0[ 1.5887223 25.52601    7.8852677 27.60409   18.354239   8.527208
  1.7180582  8.527208 ]
weights1[ 1.5887223 25.52601    7.8852677 27.718887  18.430569   8.562671
  1.7252032  8.562671 ]
weights2[ 1.5855877 25.475647   7.8697095 27.664196  18.430569   8.545776
  1.7217993  8.545776 ]
weights3[ 1.5824281 25.475647   7.8540273 27.664196  18.39384    8.528747
  1.7183682  8.528747 ]
weights4[ 1.5791326 25.42259    7.8540273 27.606583  18.355534   8.528747
  1.7147895  8.528747 ]
iteration166
weights0[ 1.5856677 25.527802   7.886531  27.606583  18.355534   8.528747
  1.7147895  8.528747 ]
weights1[ 1.5856677 25.527802   7.886531  27.71985   18.430845   8.56374
  1.7218251  8.56374  ]
weights2[ 1.5825807 25.478102   7.8711767 27.665884  18.430845   8.547068
  1.718473   8.547068 ]
weights3[ 1.579469  25.478102   7.8557    27.665884  18.394606   8.530262
  1.7150941  8.530262 ]
weights4[ 1.5762236 25.42575    7.8557    27.609037  18.35681    8.530262
  1.71157    8.530262 ]
iteration167
weights0[ 1.5826594 25.529566   7.8877754 27.609037  18.35681    8.530262
  1.71157    8.530262 ]
weights1[ 1.5826594 25.529566   7.8877754 27.720798  18.431118   8.564793
  1.7184985  8.564793 ]
weights2[ 1.5796189 25.48052    7.872622  27.667543  18.431118   8.548339
  1.7151971  8.548339 ]
weights3[ 1.5765543 25.48052    7.8573484 27.667543  18.395359   8.5317545
  1.7118695  8.5317545]
weights4[ 1.5733583 25.428865   7.8573484 27.611456  18.358068   8.5317545
  1.7083992  8.5317545]
iteration168
weights0[ 1.5796964 25.531303   7.889001  27.611456  18.358068   8.5317545
  1.7083992  8.5317545]
weights1[ 1.5796964 25.531303   7.889001  27.721731  18.431387   8.565829
  1.7152222  8.565829 ]
weights2[ 1.5767018 25.482904   7.874046  27.66918   18.431387   8.549591
  1.7119707  8.549591 ]
weights3[ 1.5736834 25.482904   7.8589716 27.66918   18.396103   8.533224
  1.7086933  8.533224 ]
weights4[ 1.5705357 25.431934   7.8589716 27.613836  18.359306   8.533224
  1.7052755  8.533224 ]
iteration169
weights0[ 1.5767778 25.533014   7.8902073 27.613836  18.359306   8.533224
  1.7052755  8.533224 ]
weights1[ 1.5767778 25.533014   7.8902073 27.72265   18.431652   8.56685
  1.7119954  8.56685  ]
weights2[ 1.5738282 25.48525    7.8754478 27.670792  18.431652   8.550824
  1.7087928  8.550824 ]
weights3[ 1.5708551 25.48525    7.8605704 27.670792  18.396833   8.534671
  1.7055647  8.534671 ]
weights4[ 1.567755  25.434956   7.8605704 27.616182  18.360527   8.534671
  1.7021987  8.534671 ]
iteration170
weights0[ 1.5739031 25.5347     7.891396  27.616182  18.360527   8.534671
  1.7021987  8.534671 ]
weights1[ 1.5739031 25.5347     7.891396  27.723558  18.431915   8.567855
  1.7088171  8.567855 ]
weights2[ 1.5709976 25.487562   7.876828  27.67238   18.431915   8.552038
  1.7056626  8.552038 ]
weights3[ 1.568069  25.487562   7.8621445 27.67238   18.397556   8.536096
  1.702483   8.536096 ]
weights4[ 1.5650154 25.437931   7.8621445 27.618494  18.36173    8.536096
  1.6991678  8.536096 ]
iteration171
weights0[ 1.5710711 25.536362   7.8925667 27.618494  18.36173    8.536096
  1.6991678  8.536096 ]
weights1[ 1.5710711 25.536362   7.8925667 27.724451  18.432175   8.568844
  1.7056866  8.568844 ]
weights2[ 1.5682092 25.489841   7.8781886 27.673944  18.432175   8.553234
  1.7025793  8.553234 ]
weights3[ 1.5653243 25.489841   7.863696  27.673944  18.398266   8.537499
  1.6994472  8.537499 ]
weights4[ 1.5623167 25.440865   7.863696  27.620771  18.362915   8.537499
  1.6961818  8.537499 ]
iteration172
weights0[ 1.5682817 25.537998   7.8937197 27.620771  18.362915   8.537499
  1.6961818  8.537499 ]
weights1[ 1.5682817 25.537998   7.8937197 27.72533   18.432428   8.5698185
  1.7026027  8.5698185]
weights2[ 1.5654622 25.492086   7.8795285 27.675486  18.432428   8.554412
  1.6995418  8.554412 ]
weights3[ 1.5626204 25.492086   7.8652244 27.675486  18.398968   8.538882
  1.6964566  8.538882 ]
weights4[ 1.5596577 25.443754   7.8652244 27.623013  18.364082   8.538882
  1.69324    8.538882 ]
iteration173
weights0[ 1.5655335 25.53961    7.8948555 27.623013  18.364082   8.538882
  1.69324    8.538882 ]
weights1[ 1.5655335 25.53961    7.8948555 27.726196  18.43268    8.570779
  1.699565   8.570779 ]
weights2[ 1.562756  25.494297   7.8808484 27.677004  18.43268    8.5555725
  1.6965497  8.5555725]
weights3[ 1.5599562 25.494297   7.8667297 27.677004  18.399656   8.540245
  1.6935102  8.540245 ]
weights4[ 1.5570377 25.4466     7.8667297 27.625223  18.365232   8.540245
  1.6903418  8.540245 ]
iteration174
weights0[ 1.562826  25.541199   7.8959746 27.625223  18.365232   8.540245
  1.6903418  8.540245 ]
weights1[ 1.562826  25.541199   7.8959746 27.72705   18.432928   8.571725
  1.6965725  8.571725 ]
weights2[ 1.5600896 25.496477   7.8821487 27.678501  18.432928   8.556716
  1.6936018  8.556716 ]
weights3[ 1.5573312 25.496477   7.8682127 27.678501  18.400337   8.541587
  1.6906074  8.541587 ]
weights4[ 1.554456  25.449406   7.8682127 27.6274    18.366365   8.541587
  1.6874862  8.541587 ]
iteration175
weights0[ 1.5601584 25.542765   7.8970766 27.6274    18.366365   8.541587
  1.6874862  8.541587 ]
weights1[ 1.5601584 25.542765   7.8970766 27.727892  18.433172   8.572657
  1.6936243  8.572657 ]
weights2[ 1.5574622 25.498625   7.8834295 27.679976  18.433172   8.557842
  1.6906976  8.557842 ]
weights3[ 1.5547446 25.498625   7.8696737 27.679976  18.401009   8.54291
  1.6877474  8.54291  ]
weights4[ 1.551912  25.45217    7.8696737 27.629545  18.367483   8.54291
  1.6846725  8.54291  ]
iteration176
weights0[ 1.5575299 25.544308   7.8981624 27.629545  18.367483   8.54291
  1.6846725  8.54291  ]
weights1[ 1.5575299 25.544308   7.8981624 27.72872   18.433413   8.573574
  1.6907195  8.573574 ]
weights2[ 1.5548735 25.50074    7.8846917 27.681427  18.433413   8.558951
  1.6878359  8.558951 ]
weights3[ 1.5521958 25.50074    7.871114  27.681427  18.401669   8.544212
  1.6849294  8.544212 ]
weights4[ 1.5494051 25.454893   7.871114  27.631659  18.368584   8.544212
  1.6819     8.544212 ]
iteration177
weights0[ 1.5549401 25.545828   7.8992324 27.631659  18.368584   8.544212
  1.6819     8.544212 ]
weights1[ 1.5549401 25.545828   7.8992324 27.729536  18.43365    8.574478
  1.6878577  8.574478 ]
weights2[ 1.5523226 25.502827   7.8859353 27.682858  18.43365    8.560044
  1.6850165  8.560044 ]
weights3[ 1.5496843 25.502827   7.8725324 27.682858  18.402319   8.545496
  1.6821526  8.545496 ]
weights4[ 1.5469347 25.457579   7.8725324 27.633741  18.369669   8.545496
  1.6791681  8.545496 ]
iteration178
weights0[ 1.5523882 25.547325   7.9002857 27.633741  18.369669   8.545496
  1.6791681  8.545496 ]
weights1[ 1.5523882 25.547325   7.9002857 27.730341  18.433884   8.575369
  1.685038   8.575369 ]
weights2[ 1.5498091 25.50488    7.8871603 27.684269  18.433884   8.561122
  1.6822385  8.561122 ]
weights3[ 1.5472094 25.50488    7.87393   27.684269  18.402962   8.546761
  1.6794165  8.546761 ]
weights4[ 1.5445002 25.460222   7.87393   27.635794  18.370739   8.546761
  1.6764759  8.546761 ]
iteration179
weights0[ 1.5498737 25.548801   7.9013243 27.635794  18.370739   8.546761
  1.6764759  8.546761 ]
weights1[ 1.5498737 25.548801   7.9013243 27.731134  18.434116   8.576245
  1.6822594  8.576245 ]
weights2[ 1.5473322 25.506907   7.8883677 27.685661  18.434116   8.562181
  1.6795008  8.562181 ]
weights3[ 1.5447704 25.506907   7.875307  27.685661  18.403595   8.548005
  1.6767201  8.548005 ]
weights4[ 1.5421008 25.462828   7.875307  27.637817  18.371792   8.548005
  1.6738226  8.548005 ]
iteration180
weights0[ 1.5473957 25.550257   7.9023476 27.637817  18.371792   8.548005
  1.6738226  8.548005 ]
weights1[ 1.5473957 25.550257   7.9023476 27.731916  18.434343   8.577109
  1.6795216  8.577109 ]
weights2[ 1.5448912 25.508904   7.8895574 27.68703   18.434343   8.563227
  1.6768032  8.563227 ]
weights3[ 1.5423667 25.508904   7.8766646 27.68703   18.404219   8.549233
  1.6740631  8.549233 ]
weights4[ 1.5397363 25.465397   7.8766646 27.63981   18.37283    8.549233
  1.6712079  8.549233 ]
iteration181
weights0[ 1.544954  25.551691   7.903356  27.63981   18.37283    8.549233
  1.6712079  8.549233 ]
weights1[ 1.544954  25.551691   7.903356  27.732687  18.434566   8.577961
  1.6768236  8.577961 ]
weights2[ 1.5424857 25.51087    7.89073   27.688381  18.434566   8.564257
  1.6741447  8.564257 ]
weights3[ 1.5399978 25.51087    7.878003  27.688381  18.404833   8.550444
  1.6714445  8.550444 ]
weights4[ 1.5374056 25.46793    7.878003  27.641775  18.373854   8.550444
  1.6686311  8.550444 ]
iteration182
weights0[ 1.5425472 25.553102   7.90435   27.641775  18.373854   8.550444
  1.6686311  8.550444 ]
weights1[ 1.5425472 25.553102   7.90435   27.733446  18.434788   8.5788
  1.6741649  8.5788   ]
weights2[ 1.5401148 25.512808   7.8918853 27.689713  18.434788   8.565272
  1.6715249  8.565272 ]
weights3[ 1.5376629 25.512808   7.8793216 27.689713  18.40544    8.551637
  1.6688638  8.551637 ]
weights4[ 1.5351083 25.470423   7.8793216 27.643711  18.374863   8.551637
  1.6660913  8.551637 ]
iteration183
weights0[ 1.5401754 25.554495   7.9053297 27.643711  18.374863   8.551637
  1.6660913  8.551637 ]
weights1[ 1.5401754 25.554495   7.9053297 27.734194  18.435007   8.579628
  1.6715447  8.579628 ]
weights2[ 1.537778  25.514717   7.8930244 27.691023  18.435007   8.566273
  1.6689428  8.566273 ]
weights3[ 1.5353615 25.514717   7.880621  27.691023  18.406038   8.552812
  1.6663202  8.552812 ]
weights4[ 1.5328441 25.472881   7.880621  27.64562   18.375858   8.552812
  1.663588   8.552812 ]
iteration184
weights0[ 1.5378379 25.555868   7.906295  27.64562   18.375858   8.552812
  1.663588   8.552812 ]
weights1[ 1.5378379 25.555868   7.906295  27.734932  18.435223   8.580442
  1.6689624  8.580442 ]
weights2[ 1.535475 25.516602  7.894147 27.692318 18.435223  8.567259  1.666398
  8.567259]
weights3[ 1.5330932 25.516602   7.8819017 27.692318  18.406626   8.553969
  1.6638132  8.553969 ]
weights4[ 1.5306121 25.475306   7.8819017 27.647501  18.376837   8.553969
  1.6611205  8.553969 ]
iteration185
weights0[ 1.5355338 25.55722    7.9072456 27.647501  18.376837   8.553969
  1.6611205  8.553969 ]
weights1[ 1.5355338 25.55722    7.9072456 27.735659  18.435434   8.581244
  1.6664172  8.581244 ]
weights2[ 1.5332049 25.518457   7.8952527 27.693592  18.435434   8.56823
  1.6638898  8.56823  ]
weights3[ 1.5308574 25.518457   7.883164  27.693592  18.407207   8.555111
  1.6613421  8.555111 ]
weights4[ 1.5284121 25.477695   7.883164  27.649355  18.377804   8.555111
  1.6586884  8.555111 ]
iteration186
weights0[ 1.5332628 25.558554   7.9081826 27.649355  18.377804   8.555111
  1.6586884  8.555111 ]
weights1[ 1.5332628 25.558554   7.9081826 27.736376  18.435644   8.582036
  1.6639087  8.582036 ]
weights2[ 1.5309672 25.520288   7.8963428 27.694849  18.435644   8.569187
  1.6614176  8.569187 ]
weights3[ 1.5286533 25.520288   7.884408  27.694849  18.40778    8.556235
  1.6589066  8.556235 ]
weights4[ 1.5262431 25.480051   7.884408  27.651184  18.378757   8.556235
  1.656291   8.556235 ]
iteration187
weights0[ 1.5310242 25.55987    7.9091067 27.651184  18.378757   8.556235
  1.656291   8.556235 ]
weights1[ 1.5310242 25.55987    7.9091067 27.737082  18.43585    8.582815
  1.6614363  8.582815 ]
weights2[ 1.5287615 25.522093   7.8974175 27.696087  18.43585    8.57013
  1.6589808  8.57013  ]
weights3[ 1.5264807 25.522093   7.885635  27.696087  18.408344   8.557344
  1.6565057  8.557344 ]
weights4[ 1.5241051 25.482374   7.885635  27.652985  18.379696   8.557344
  1.6539278  8.557344 ]
iteration188
weights0[ 1.5288175 25.561165   7.910017  27.652985  18.379696   8.557344
  1.6539278  8.557344 ]
weights1[ 1.5288175 25.561165   7.910017  27.737778  18.436054   8.583584
  1.6589993  8.583584 ]
weights2[ 1.526587  25.523872   7.8984766 27.69731   18.436054   8.57106
  1.6565789  8.57106  ]
weights3[ 1.5243387 25.523872   7.886844  27.69731   18.408901   8.558437
  1.6541392  8.558437 ]
weights4[ 1.5219971 25.484663   7.886844  27.65476   18.380621   8.558437
  1.6515981  8.558437 ]
iteration189
weights0[ 1.5266422 25.562443   7.910915  27.65476   18.380621   8.558437
  1.6515981  8.558437 ]
weights1[ 1.5266422 25.562443   7.910915  27.738464  18.436255   8.584342
  1.6565971  8.584342 ]
weights2[ 1.5244434 25.525625   7.899521  27.698513  18.436255   8.571978
  1.6542112  8.571978 ]
weights3[ 1.522227  25.525625   7.888036  27.698513  18.40945    8.559515
  1.6518061  8.559515 ]
weights4[ 1.5199188 25.48692    7.888036  27.656511  18.381535   8.559515
  1.6493014  8.559515 ]
iteration190
weights0[ 1.5244977 25.563702   7.9117994 27.656511  18.381535   8.559515
  1.6493014  8.559515 ]
weights1[ 1.5244977 25.563702   7.9117994 27.739141  18.436453   8.585089
  1.654229   8.585089 ]
weights2[ 1.52233   25.527353   7.90055   27.6997    18.436453   8.572882
  1.6518769  8.572882 ]
weights3[ 1.520145  25.527353   7.8892107 27.6997    18.409992   8.560577
  1.6495061  8.560577 ]
weights4[ 1.5178697 25.489143   7.8892107 27.658237  18.382437   8.560577
  1.6470371  8.560577 ]
iteration191
weights0[ 1.5223837 25.564945   7.912672  27.658237  18.382437   8.560577
  1.6470371  8.560577 ]
weights1[ 1.5223837 25.564945   7.912672  27.739807  18.43665    8.585824
  1.6518946  8.585824 ]
weights2[ 1.5202467 25.52906    7.901565  27.700869  18.43665    8.573772
  1.6495758  8.573772 ]
weights3[ 1.5180926 25.52906    7.890369  27.700869  18.410526   8.561624
  1.6472385  8.561624 ]
weights4[ 1.5158496 25.49134    7.890369  27.659939  18.383324   8.561624
  1.6448046  8.561624 ]
iteration192
weights0[ 1.5202993 25.56617    7.913531  27.659939  18.383324   8.561624
  1.6448046  8.561624 ]
weights1[ 1.5202993 25.56617    7.913531  27.740465  18.436844   8.586549
  1.6495931  8.586549 ]
weights2[ 1.5181925 25.53074    7.9025645 27.702023  18.436844   8.57465
  1.6473072  8.57465  ]
weights3[ 1.5160688 25.53074    7.89151   27.702023  18.411055   8.562655
  1.6450028  8.562655 ]
weights4[ 1.5138575 25.493502   7.89151   27.661617  18.384201   8.562655
  1.6426035  8.562655 ]
iteration193
weights0[ 1.5182444 25.567377   7.914378  27.661617  18.384201   8.562655
  1.6426035  8.562655 ]
weights1[ 1.5182444 25.567377   7.914378  27.741114  18.437035   8.587263
  1.6473242  8.587263 ]
weights2[ 1.5161673 25.532398   7.9035506 27.703161  18.437035   8.575515
  1.6450706  8.575515 ]
weights3[ 1.5140735 25.532398   7.892636  27.703161  18.411573   8.563672
  1.6427988  8.563672 ]
weights4[ 1.5118934 25.495634   7.892636  27.66327   18.385063   8.563672
  1.6404333  8.563672 ]
iteration194
weights0[ 1.5162184 25.568567   7.9152136 27.66327   18.385063   8.563672
  1.6404333  8.563672 ]
weights1[ 1.5162184 25.568567   7.9152136 27.741755  18.437223   8.587968
  1.6450874  8.587968 ]
weights2[ 1.5141705 25.534033   7.904523  27.704285  18.437223   8.576368
  1.6428654  8.576368 ]
weights3[ 1.5121061 25.534033   7.893746  27.704285  18.412086   8.564675
  1.6406255  8.564675 ]
weights4[ 1.5099566 25.497736   7.893746  27.664904  18.385914   8.564675
  1.6382934  8.564675 ]
iteration195
weights0[ 1.5142207 25.569742   7.916038  27.664904  18.385914   8.564675
  1.6382934  8.564675 ]
weights1[ 1.5142207 25.569742   7.916038  27.742386  18.437408   8.588662
  1.6428818  8.588662 ]
weights2[ 1.5122014 25.535645   7.905482  27.70539   18.437408   8.5772085
  1.6406909  8.5772085]
weights3[ 1.510166  25.535645   7.894841  27.70539   18.412592   8.565663
  1.6384826  8.565663 ]
weights4[ 1.5080469 25.49981    7.894841  27.666512  18.386753   8.565663
  1.6361833  8.565663 ]
iteration196
weights0[ 1.512251  25.570898   7.9168506 27.666512  18.386753   8.565663
  1.6361833  8.565663 ]
weights1[ 1.512251  25.570898   7.9168506 27.743008  18.437592   8.589347
  1.6407073  8.589347 ]
weights2[ 1.51026   25.537231   7.9064274 27.706482  18.437592   8.578038
  1.6385472  8.578038 ]
weights3[ 1.508253  25.537231   7.8959203 27.706482  18.41309    8.566639
  1.6363697  8.566639 ]
weights4[ 1.5061635 25.501854   7.8959203 27.668098  18.38758    8.566639
  1.6341027  8.566639 ]
iteration197
weights0[ 1.5103087 25.57204    7.917651  27.668098  18.38758    8.566639
  1.6341027  8.566639 ]
weights1[ 1.5103087 25.57204    7.917651  27.743622  18.43777    8.590022
  1.6385632  8.590022 ]
weights2[ 1.5083455 25.5388     7.907359  27.707558  18.43777    8.578856
  1.6364332  8.578856 ]
weights3[ 1.5063665 25.5388     7.8969846 27.707558  18.41358    8.567601
  1.6342863  8.567601 ]
weights4[ 1.5043063 25.50387    7.8969846 27.669662  18.388395   8.567601
  1.6320511  8.567601 ]
